-0.85129   0.26709   9.58701 -10.43853  14.66615  12.78981  -2.62510 -11.44411 -11.21748 -10.65416 -12.50999 -17.63489  14.55283  15.29873  16.36662 -12.13852   7.25590 -18.14322  17.77494 -12.71404 -18.42914  14.45290  -6.48973  12.85553 -17.71487 -16.09839   8.10932 -15.47745   5.44947  -4.35753  17.54890 -19.08115  10.56456  -7.53585  -4.95553 -12.51780 -10.45527  -1.10484 -11.17992 -19.77708   1.36630   3.74240  10.72447 -19.72514 -13.49772  -6.78766   6.28320  -7.91664 -19.02506  -9.43541 -16.33841 -12.38506  18.72989  -2.53188  -4.06328  -2.78694 -14.29255  -1.57261  16.51920 -19.80380   2.29217  14.63286  -2.00057  -7.91190  16.66704  14.00501   2.39478 -19.80014 -14.29158  14.54064   7.80719   2.68482  13.94708  15.66363  -0.40936   9.35296 -15.50264   0.05737   9.34620  19.92126  -7.84996 -14.47139 -19.42244   0.99994   8.48143  -4.98352   3.20406  14.38039  -9.21216  17.09531 -18.23382  -7.33937   2.21619  -9.46819   0.15590 -13.17829  12.11138 -16.78575  -9.99596 -17.20399
  0.26709  17.79693   9.16195   4.15569 -13.71639 -13.56154  -3.12386  -6.01148  14.49470  11.59321  -7.89799 -12.23811  10.94070 -18.79288   1.82755  -3.91993   3.15743   6.65574  12.85951 -14.86203 -11.36609   2.00710  -4.03996   9.82941 -12.92037  -5.88854 -10.47397   2.85973   4.60933   5.47941   3.14971   0.60926  12.34994  10.30681  17.88598 -18.60948 -15.00724   9.52844   8.67329  -0.62913  -8.52234  12.28327   2.63849   8.56386   1.97174  16.53513  11.93316   5.94480  14.98302  -9.29282 -13.30787  15.13326  -5.48848  -2.25081  15.23991  -8.30871  15.52393 -14.41776  11.43017  -9.27347   9.02026  -5.32963   6.79302   0.17253  -6.45108 -15.30744  -5.01428 -13.95229  12.38819  17.99885 -15.62988   7.38509 -10.21278 -18.34135 -17.59060  -5.53862  -5.72385  -6.49473  16.53148  17.86408  13.34402  13.88276  15.97370   2.12345  19.07653 -16.53368   9.31651   2.79658   4.65317  -0.48408  14.42215  18.26213  16.26859  -2.30720  -1.55540  -3.46262  10.16552  13.58083   9.57642  11.59928
  9.58701   9.16195   3.85120  12.26853  14.09821 -13.96747  -7.71559   4.17645   8.88859   6.98025 -16.49453  19.81438  18.46097 -16.78463  15.82687 -10.16112 -15.76159  12.13001  18.00065 -18.30254 -10.00151  11.83438  -2.00571   2.20187  -0.21988   7.66715   6.44458  17.16797  -8.36923   9.58916 -18.12743  19.61008 -10.77575  -2.87114  -1.08503 -15.85262   7.21738  12.50075 -11.96688  -8.73518  14.36009  -1.70256  15.96378  -2.97646   4.47751 -19.04116  -2.53094 -10.47629  -2.34898   2.40820  11.39472 -13.90017  11.61210   7.95452 -15.89727 -11.67396  -6.03543   3.39835   3.89671  14.71516 -14.83703 -12.59140   8.99870  -3.19549 -13.92965 -11.72800  17.92567  15.10363   0.10017  -2.15568   8.87804   3.36823 -12.93975  -6.63073  13.78758   3.15854  17.57817  19.77671  13.60794 -11.39090  18.25698  -0.06474 -11.65202   2.43818  17.80097  19.36705 -13.50913   8.33454  -2.87963  11.70370   8.11738  -0.26375  17.41008 -15.25200 -10.38239   3.55155   1.76152 -11.05298  -7.94145   2.22795
-10.43853   4.15569  12.26853 -12.63852  14.35295 -14.97164   7.75201 -12.56553 -18.58395  15.48205  15.63471 -12.70980  -9.85940  18.44362  -9.45140  -8.73125  11.77578 -19.54621  14.58909  17.19529  -9.67853  12.20905  11.61741  15.56091  -9.63948 -12.49659   4.84969  16.17297  -2.71124  18.59366   4.79547  13.32683   1.33309   6.19495   1.32826  -3.30281   9.74600   7.07930 -16.11534  19.11487   6.94593 -11.26759  -6.76933  -9.93054  10.49648 -10.73224  -9.34469  -3.81948  19.31292  10.20969  10.80479  12.62573 -18.39617  -5.97601 -14.95449 -11.58410  19.20754  -7.98541   2.97814  19.76011  -2.12685 -15.68527  -7.73335   5.85650   8.61546 -16.01457  15.03715   5.75507  10.43860 -16.13083  16.88314  18.78375  17.02527   8.47785   6.24432  -9.99461   1.83069 -11.09721  19.54378  17.74890  -6.60409  -9.37461  -7.99387  -2.06965   8.82040   8.35521  12.48552  -9.48172  15.36838  -3.22192 -19.75053  -5.73664   3.14188 -13.20647   2.24858 -10.65449 -16.69978 -14.78077 -10.65659  -0.36259
 14.66615 -13.71639  14.09821  14.35295  -8.18551   4.80183 -15.22160 -14.67898 -13.78445   3.47172 -11.96473  -9.69770  -9.09986   4.41754  18.60331 -12.51203   3.77815  19.89014  -5.94647  -7.96681 -13.51944   7.38251   0.16764  17.80292   8.64685  -2.01512  -6.19382  16.66165  19.85107   0.72954  -5.21382   0.18759 -18.27420 -17.78707  -3.28284  13.30886  17.74084   8.51370 -16.39883  10.38316   7.24217  16.95673   3.48798 -15.21364 -10.78328   0.50651  13.18502 -15.74370   3.33098  -5.82555  13.31963  12.41626 -10.32681   6.85716  -9.02848 -17.14017  -1.40441  -4.97058 -10.32550 -12.80096  14.93366  -8.65261 -11.39955  -4.32926  14.59840  13.42055  19.81321  19.65383  -2.10926 -11.02617  -6.78059  12.62207  -1.26486   0.40799 -17.47388   8.06171   2.12544   5.78850   1.68315   2.56795  18.75194  13.84145 -13.51044 -16.61626 -10.36083   8.82961  -0.06880  18.48898 -17.71728   9.03749 -14.99827   2.31692  -7.74857 -10.37997  -8.83143 -17.72581  -4.53203   6.99495 -17.25617   6.00040
 12.78981 -13.56154 -13.96747 -14.97164   4.80183   8.78336 -10.71060   7.08229   6.06137 -10.72635   6.17259 -15.87217 -18.62022   4.21380 -16.00250  -6.85297   6.69637  -0.46624  19.99579   1.48099   0.49017   4.21540  -1.23490  18.48187  15.05778  -3.27937 -13.90625 -17.33724   6.44837 -14.01683   1.32515  18.97802 -10.20333  -1.02785  -0.43005   7.52990  16.93036   4.64455  -6.76338  -5.38744  -5.68736 -11.99165  18.29650   8.55890 -10.51896  -1.33411  14.50213   8.73242   7.57717   1.31084 -19.38646  11.61378   7.16234   9.51148 -15.82230  19.88261  10.45838  -3.47574  17.22111 -18.78746  -6.86366  17.10883  11.73794   4.69103  -0.94682   6.75047 -12.03504  12.82414 -17.84042  -8.87534 -11.92774   3.42824  17.22132  11.51816  -4.29029   3.46289  -2.83445  -0.72277  -0.06341   3.47638  -5.82115 -15.50287  17.26917 -16.73871   0.83728   9.09254   6.32776  17.42320 -11.47613   1.13656   0.55576   6.72573 -12.10116  11.87492  -1.72986 -13.07289 -15.45385 -19.30992  12.64172  -5.58574
 -2.62510  -3.12386  -7.71559   7.75201 -15.22160 -10.71060   1.66505 -18.48714  13.70564   4.99554  -4.10415   5.92743 -16.70083   9.39174  12.57304  -0.79747  -2.10044 -12.33716  -2.78800  -7.60130   5.42452  -0.14525  -1.55756   0.94581   5.94066  12.06759  10.55276   6.31453  -1.71421 -19.56558   3.20359  16.83497 -19.51131   0.74269   7.91860   9.65611  10.26909   7.69541 -15.68792  16.41657  -7.44258  -3.46056   2.90691 -12.92932  -8.62704  -6.67492   4.39800  -2.43288 -12.62492  17.39124  -0.65007  14.09668   5.90297  -1.38034 -11.78937  -0.89404   6.86294 -17.60902  13.73590  -6.23375   8.98175  -3.52417 -10.24236 -18.15953 -18.62882  17.36444  -0.74121  -0.54449 -18.36168  -7.12899 -12.12196  14.69922  19.57795  -6.29179  -1.01938  -3.40450  -2.82614  13.39249  14.06848   9.12674 -15.13540 -15.64199  18.37399   6.23066 -11.18057  -2.53771   7.13276   5.58876  16.21763   1.58150  13.32351  -5.46683  12.11063   7.74321   1.60042   1.02144 -11.58967  -3.36938  17.37531   1.72281
-11.44411  -6.01148   4.17645 -12.56553 -14.67898   7.08229 -18.48714  18.74591   6.33770 -10.06712  12.67688 -13.82343  -0.97798 -14.57748  13.00407 -18.15961  -3.42208   0.77431   6.33477  -4.38741  -2.15674  -2.27898   0.23969  12.85329   9.81160  12.81825  -4.98454   3.56713  15.04443 -16.03246  -9.13247 -18.84006   9.31011  19.30801 -11.35834   3.00618  12.53757   7.75395  -1.33737   2.34063 -14.04924 -19.32182  -3.61613 -15.72988 -13.86078  12.06512 -13.87175   2.11032   5.98111  12.40769  15.81061  10.72135 -19.89899  10.20610  15.59931  -5.77583   0.55907  -4.09893 -14.17247 -11.54042  17.23834  12.22045 -19.51856  -6.73644  12.97596   8.52844  -3.88313 -11.70703 -19.94268 -15.83012 -18.90739  19.92792 -15.72723  -7.46133  19.28253  16.98805  13.48713  -5.23804  -1.44982 -14.78046   0.08338 -18.75899 -18.21783   2.24684   5.78745  13.39571 -19.47171   8.93365 -18.75901 -19.92175  -3.33003 -18.21949   7.21310  -5.02526  17.56356 -15.39616  10.89102  13.28621 -18.66843   0.11318
-11.21748  14.49470   8.88859 -18.58395 -13.78445   6.06137  13.70564   6.33770 -13.02954 -16.90421  13.02188  18.72899  -8.43067   0.93683  17.46357  11.85580  18.57628   6.98654  -2.56322  15.26986  -1.90753  17.70874   0.02883   7.34739  -3.60264   3.34174 -11.64323  10.95818 -16.57821  11.80852 -18.11737  14.54384  -2.08206 -13.10930   7.94018  -6.86760 -17.27204  13.74365   3.37097   8.91450 -12.81660 -19.06342  -4.78386  16.63840  -4.38897  17.71057  -9.22413 -11.78020   5.32872   4.89541  15.97952 -14.42733  -7.63623   4.01933  15.59604  -7.00441  -8.11729   6.20775   7.37356 -17.96577   0.92581  15.97242  12.22231  -1.75609  -5.18697  19.72598   9.75186 -14.99809 -18.83747  -7.57583   9.76897  11.56850   8.71271   1.76097   6.86936  -3.98394  -7.26198   7.60423  11.39857  -5.20182   6.05756   6.06642 -11.43696  -4.99280  -9.06525 -13.18781  -3.12019  -0.61537  11.27939   8.49464  -0.02151  16.57177   5.39273 -18.41579  13.31788   4.07604  -3.43872   3.61053  -1.43121  16.76381
-10.65416  11.59321   6.98025  15.48205   3.47172 -10.72635   4.99554 -10.06712 -16.90421   9.94824  11.37051  -8.22924  -6.27098  10.36764   1.01498 -13.82150 -10.73579  10.88299  -7.13224 -12.79176 -14.59565  11.70463  18.50892  13.82796  -0.47620   9.52928   1.41263  15.02301   8.03747   4.09776  -2.93311   8.75541   9.01986  -8.47694  -1.08571   1.33387   9.31385  19.11074   6.27745  -0.58869   8.41411 -12.03366   1.97576   7.69596   4.49173  15.31903  -1.33195   4.32858   0.39739  15.72383  -7.88559  13.93930  17.78779  11.75200 -12.44139  15.10192   6.99224   3.92203   7.06358  -4.93664 -16.45032 -16.39123  15.59715 -11.82425   7.50343   9.26807 -19.36804   2.32174 -14.22497  -5.91676  -3.97544 -12.08309  -6.81852   6.79999   6.75464  15.87313   5.04914  -3.00064  18.07236 -18.23417 -15.96711  -2.95859 -11.90779  -5.59837 -13.58327 -10.87584   6.49812   8.56476   6.05799 -19.26886  -8.40433  15.80873  18.56021   3.61380  15.68124  16.11631 -17.27213 -15.68857 -13.90339 -12.07125
-12.50999  -7.89799 -16.49453  15.63471 -11.96473   6.17259  -4.10415  12.67688  13.02188  11.37051 -19.67674   7.69681  13.75232 -19.27832 -13.20657  16.15428  -0.99953   3.01502  15.34712  -9.31099   0.58548 -15.08606  -7.62916  19.71825   8.44124   7.76778  13.00934  14.20383   7.54305  -6.50278  -3.62502  19.58877 -15.42204 -14.01344  11.17700 -18.98761 -18.24370   4.17822  -4.33791  -8.95210 -17.87874 -19.60015  11.72371 -16.39758   7.08514  14.27362 -10.33099  18.88873  14.08811   1.61549  -9.87636  -1.01659 -18.77800  -4.07743  18.80811   1.56045  17.37184  -5.36176  -1.13177  16.41102  -7.79349  -6.91099   0.42502   8.85398 -12.08800 -16.26285  13.62145 -12.51977  -6.95995  12.69299  12.04038  13.10796 -18.49386  -2.05527  17.24288 -11.45972   0.62045  11.48987 -14.48588   4.74955 -18.13959 -11.29589  -1.46417  -9.70086  18.16585   5.13164  12.32439 -19.51720  12.70767 -18.14876  -3.13423  11.44609 -10.92941   4.57802  -3.83593   6.08971 -15.54204  -4.11627  10.63922   4.68144
-17.63489 -12.23811  19.81438 -12.70980  -9.69770 -15.87217   5.92743 -13.82343  18.72899  -8.22924   7.69681 -16.08285 -16.59792  -1.86933  12.99546   1.93277  -3.60592  12.54554   3.81731 -14.13456   0.35934   8.75925   3.52921   8.94378  -1.81269  14.33297   5.78818   3.75642 -12.57653  -1.57473 -15.11528  16.56410  10.54267 -16.57931 -12.24295  -0.75869   4.98407  -8.08474   4.83542 -18.50271 -15.64459  19.75999 -19.81956  19.93285  -2.36029 -16.04793   8.85002 -18.32431   9.82226  14.31823   1.22107   8.74828  17.49988   2.39435  -5.46053   6.31584  -7.93551   3.85804 -10.23780  15.13849  11.04905  15.46633 -19.56939  17.95898  19.23060 -18.74091 -10.43005 -15.09335  -8.38758 -14.79574 -12.39429 -14.87922  -9.03783 -18.09263   8.36621  19.97607   5.91441   2.36514  -6.23417  10.36111 -16.54517 -12.33005 -10.94438  -5.90917  -5.38892  10.32760   1.30321 -16.56439   3.30355   0.80206  -3.58057   3.14074 -11.18243 -16.65137   1.73646 -17.70396  -9.36616 -12.21099   6.44775   3.00413
 14.55283  10.94070  18.46097  -9.85940  -9.09986 -18.62022 -16.70083  -0.97798  -8.43067  -6.27098  13.75232 -16.59792  -9.19424 -13.18308   1.94625  19.44446 -13.63022   2.61811 -11.64112   7.74658 -10.14146  -0.03794  16.52941   9.60104  -3.81818   2.94251   2.19793 -17.81878 -17.91356   7.85580  16.53041  17.88119   7.50997   6.27496  10.24429 -13.24647   7.00297  10.41129   9.41397  10.52791  10.59542  -8.71393   0.12433  17.34142  -8.43832  -6.52144  13.80432 -18.09967 -19.75768  -3.07407  15.82505  15.36685  19.43461  -4.73580  11.62686  -3.31842  14.17302 -13.43676  -4.87980 -10.81486  -5.39749  16.50615 -12.44596   0.88647 -17.79892 -14.26422   1.86716  -6.83538  -5.47678  14.13664  13.47664  11.70263   9.35459 -14.79595  12.06286  -9.77157 -19.87586  17.36794   3.16438   0.60124  10.10968 -13.43006   1.26417 -17.26876 -14.39759  -1.69277  -3.60900   4.23909   3.92513  -0.60353   7.53275   5.11404  10.75214   4.82572  11.29788  16.70165   9.54498  -9.62443  16.78898   9.68944
 15.29873 -18.79288 -16.78463  18.44362   4.41754   4.21380   9.39174 -14.57748   0.93683  10.36764 -19.27832  -1.86933 -13.18308  14.87890   0.89531  -6.07516 -15.80919 -10.69352 -13.74134  17.65913 -10.94524  -5.09758  19.53343  -6.14172 -11.21529  16.58434  -5.63063 -11.59310  15.42573 -19.13558 -14.77992 -13.88214   7.93617 -17.68971  -7.36009 -13.27855  15.23023  -9.58579   6.86035   3.59180  -3.34281  -6.92618  13.74044   8.39410   5.64198 -14.68842 -17.11291  19.58058  17.76236   6.63557 -10.40098 -15.00884  10.58370 -14.91774  18.58561  19.01477  -0.54087 -10.67371   6.19167  18.91295  -0.90832  14.88054   0.71075  15.51638 -19.97004  10.48979 -12.84614   3.96261   7.91397  -2.06797 -13.56530  17.63104   1.30726 -17.76868   8.49788  13.95695 -16.51146  17.72526   0.05945   3.47054 -10.32332  -5.99827 -12.35764  -2.85773  -3.12562 -10.50744  12.59173   0.13769 -15.98757  -7.47301  -3.31889   9.04423 -11.75646  17.11897  10.60371  -3.17076 -15.77501   8.64956 -18.56959 -18.79983
 16.36662   1.82755  15.82687  -9.45140  18.60331 -16.00250  12.57304  13.00407  17.46357   1.01498 -13.20657  12.99546   1.94625   0.89531  -3.96261   4.66852 -11.83766 -11.52756   1.35235 -15.88523 -15.79548  -7.27539 -16.39444   8.44680  -8.68898   2.05677  -2.88539  11.19825 -19.37000  -1.67767   7.66243  -3.43074 -13.42643  14.32552  19.52654  -9.26663   9.09722 -14.53853   5.60240  -4.34702  -5.60955   9.19110  -0.62313   0.72599  -8.64893  12.87555  17.96259 -10.96066 -14.87560  -1.29298  11.50967  -7.76162 -10.14204   5.73825  -2.75519  -5.94835 -12.66145 -14.26264  -9.63209 -16.77027   3.51416  19.32419 -11.70833   4.40305   6.56045  11.87228  -3.63108  -1.66338   5.10918  12.89205 -19.94208  -7.62213  -4.16900 -11.38462  -2.18487  -8.41266 -10.99322  -4.92601 -18.80991 -16.00827  -2.35879  13.28519  15.53198  -2.31301  -5.10093   4.44180  -7.76640  -3.90511   2.80945   6.56715  -1.88243   8.71331  16.83842  -3.80414   3.11774  10.50118   2.85169  11.10712 -12.29011   0.99011
-12.13852  -3.91993 -10.16112  -8.73125 -12.51203  -6.85297  -0.79747 -18.15961  11.85580 -13.82150  16.15428   1.93277  19.44446  -6.07516   4.66852  10.05649   9.09713  17.38534 -13.61189 -14.81677  -4.69465   6.95114  -9.66869 -13.39117 -17.54032  -0.36005  10.06564 -11.92315   2.35499  -5.95118   0.25117  16.20604 -11.08509   0.65839   9.96842 -18.94583   3.72307  13.99011  -4.79846  19.59523  -4.72109  -0.68425 -15.94593   1.04059  -4.84790   8.96811 -12.36784   2.77111   7.36409  19.81895 -13.15560   9.66826 -18.31530 -13.44748  10.59318   2.05735   0.50771  -9.41597   0.91364 -11.66227   7.05731  11.65523   9.46657  -3.05307   2.11697  15.63439  16.34992  14.98200  11.26321 -14.32918 -13.03380  -3.21586   2.68659  18.13979   7.13840 -19.55480  -8.22610  10.58610  -3.12628 -10.72829   3.44632  14.47673 -16.82134   4.57259  19.79648  -5.13685  16.17937   9.09321  -5.24356  -4.84838  -5.07340 -15.48553 -15.89991  14.77016 -18.78187   7.29057   4.17600  16.52186  12.71892   2.63877
  7.25590   3.15743 -15.76159  11.77578   3.77815   6.69637  -2.10044  -3.42208  18.57628 -10.73579  -0.99953  -3.60592 -13.63022 -15.80919 -11.83766   9.09713 -13.02390  14.99008  16.68193 -19.41536  15.76099  -6.39017   0.96264 -17.64314  11.11499  14.13166  -9.75310 -13.69580 -11.30325   1.08741  13.61227  -9.91249   1.49323   6.30111  17.09494 -14.14920  -1.33862  16.78134   8.51759 -14.05521  -3.85328   9.31034 -16.40858  13.43610   9.11617  15.73500  15.87270   2.08724  -4.36219  -1.24345  12.49012  -6.74542  -0.67902  18.31035   9.46743  -1.65315  -2.58567  -5.51552 -14.31383   0.25546  -4.99055 -13.79633 -15.71454  -2.07624   0.95139   2.52437   2.53529   5.50722  13.24462 -11.97299  17.75979  -5.93529 -12.94956 -11.41178  -7.57570  -9.14924   5.40207 -19.38768  -7.79555  17.30277   2.97376  -9.91791  11.23517 -15.42703 -12.85314  15.69531  18.36710  15.94946  -0.57577 -14.54198  -6.18998  18.90756   4.30703 -18.56529  14.98268 -11.12101  11.58640  13.79817 -11.04063  -2.24864
-18.14322   6.65574  12.13001 -19.54621  19.89014  -0.46624 -12.33716   0.77431   6.98654  10.88299   3.01502  12.54554   2.61811 -10.69352 -11.52756  17.38534  14.99008   2.82360  -3.71855   9.37514  -0.72027  11.53200  -0.78730 -17.00336 -11.65362  19.97486   7.71272   1.37116  10.44318  -0.89152  16.84728 -12.37809 -11.03057  -2.36527 -19.82501  19.66799  13.30579  11.83007  15.29577  -4.68836  10.69421   6.23551  -1.41392   2.91585  -4.26139  13.83293  18.53830   9.82123   0.55866  15.15987   4.91408  -7.41613   5.74614   5.53253  16.89674  -5.40441  -3.41169   0.92892 -16.41466 -13.69536 -10.02194 -13.02166 -15.90667  -1.29156  -9.17757 -10.30834  -9.14266   3.51883  11.15509   9.63663   1.97770   9.45776  -5.71142 -15.60425  16.82018 -19.90184  12.25699 -14.46193   6.55608 -11.01571  15.92510 -14.33598   8.62145  -4.11088  16.25216   3.41206  -5.12742  -3.85186   1.28970  -0.67255  12.05121   4.04586  -0.96114  -0.46141 -15.06782 -14.20725  15.15009   3.20931  19.64055   4.04141
 17.77494  12.85951  18.00065  14.58909  -5.94647  19.99579  -2.78800   6.33477  -2.56322  -7.13224  15.34712   3.81731 -11.64112 -13.74134   1.35235 -13.61189  16.68193  -3.71855  -9.94215   2.10326   2.06385  17.39435  19.47433  -2.23239  10.57111 -10.48570 -14.64186  -9.76938 -11.32300  19.13019  10.74671   2.99614   5.29142  -2.92240   1.84083  -2.85701  -5.41319   7.63657   5.36723 -14.84293  12.49421  -0.73095  -5.39313  18.00304   4.60768  -5.22971  11.97023   3.33839  -5.89863  18.92051  -5.91016 -18.83813  12.97281   7.40134 -12.52039   2.96686  16.61060  -4.86197  -3.47957  16.70541   3.01333  14.28366  13.69017  15.50635   4.52272 -15.14122  -0.99235 -12.21740  -7.93028   2.67472   3.50451  -3.82570 -16.79283 -11.22735   7.64724  16.96070 -13.12822   5.20391  14.45356  -1.87666  17.36162  -1.32503  -5.51150   9.47687 -14.57358   1.06235  -9.65949 -11.62799 -10.58431 -18.18927  -8.33822  -1.14237   9.08740   7.35689   4.03363  11.18515 -15.16801 -18.97527  -5.01005  11.72262
-12.71404 -14.86203 -18.30254  17.19529  -7.96681   1.48099  -7.60130  -4.38741  15.26986 -12.79176  -9.31099 -14.13456   7.74658  17.65913 -15.88523 -14.81677 -19.41536   9.37514   2.10326  -6.42128  14.09944   4.49668   0.51025 -10.61927   3.98978 -19.57082 -17.70862 -11.61252  12.19318 -10.02101   2.27967 -18.52553 -16.62106   8.87005   2.55830  -6.36878  13.37510  13.36938   2.89953  14.44142  -0.98485  -2.79749  -9.73700   2.35525  -7.03262  -7.90675  -6.96421   0.85513 -12.69445   4.95098  10.54672  -1.98732   1.96575  10.50366  12.13711  -6.81286  -6.74982   7.75859  -0.61260  -2.26216  -3.40102   8.58451 -10.63551 -10.16787 -11.73080   9.89358   1.13615  12.36825   0.26225   8.69783  18.39519 -11.12447  12.80418 -15.31871  17.14836 -13.29252   4.93315  11.75243  14.79943  -7.84644  -3.07296  -2.40830   6.64374 -17.25440   9.44853  13.13892  -9.58752 -13.19916  10.99915  -8.92735  17.35731  19.24323  13.02187 -15.52720 -11.02580  16.64402   3.31204   2.26101  18.40557  -3.09989
-18.42914 -11.36609 -10.00151  -9.67853 -13.51944   0.49017   5.42452  -2.15674  -1.90753 -14.59565   0.58548   0.35934 -10.14146 -10.94524 -15.79548  -4.69465  15.76099  -0.72027   2.06385  14.09944   8.44595   5.50177 -12.84750 -14.72621 -17.90134 -11.20563   5.24570  -9.39171 -15.01733 -16.91153  -0.79376  13.16812  16.82273  13.83660   2.82803   6.34807  -1.63754 -19.86441  -0.02922   9.14046   8.08180  18.43977  19.34466 -11.48700   1.82330 -19.77653   9.04624  -0.21528 -16.49673   0.36143 -18.03151 -15.58480  -7.46626   4.16663  10.06121 -11.90388  17.51068  -3.17056   5.84290  11.24995   2.30370 -18.58550  17.40675 -12.29118  -1.30891  19.46279   3.28937   7.68549 -17.49473   2.76194  19.70830  -6.91926 -12.73397 -14.96753 -12.83749  -2.52078  -0.45008  -4.63168  -2.11528  -5.49579  -9.00681  18.48695 -15.02810  13.97834   4.85498   8.12524   0.06653   4.68373  14.25197  17.16397  11.31848   7.62013   7.61541  14.67488  18.62825   0.07426  -6.73086  -9.04240   3.09901   1.29151
 14.45290   2.00710  11.83438  12.20905   7.38251   4.21540  -0.14525  -2.27898  17.70874  11.70463 -15.08606   8.75925  -0.03794  -5.09758  -7.27539   6.95114  -6.39017  11.53200  17.39435   4.49668   5.50177  12.31457  12.87290  14.17121   9.05528  -4.24027   4.51493   1.43975 -17.14482 -11.32531  11.44306  10.87432   0.28023 -11.33260  10.75551   2.26019   0.96158  -6.38932  -0.21378 -12.78426   5.86895   0.75746 -11.00163 -15.49253   9.15874 -19.81576  -4.84031  -9.82008   0.57905   9.31332 -16.54539 -18.06651  -6.13728 -10.41059 -18.88781 -16.20378   9.08470  -3.73610  -7.21504  -2.87569   6.81653 -14.18367  17.08159  17.90563   8.39848  16.01915  12.03673  -7.11101  -6.78693  14.30556 -15.68253   4.43002  12.42962 -15.67537  11.89855  -3.39278   7.78589 -15.52117   8.26544 -12.89443 -16.98116 -18.61113 -17.88724  -7.63690  15.35732   0.59740  -0.02319  12.19153 -17.64709   7.92792  15.33549  16.48074 -15.17010  13.41141  -0.05366  17.44891 -11.35470  -7.73861  19.02939 -15.92531
 -6.48973  -4.03996  -2.00571  11.61741   0.16764  -1.23490  -1.55756   0.23969   0.02883  18.50892  -7.62916   3.52921  16.52941  19.53343 -16.39444  -9.66869   0.96264  -0.78730  19.47433   0.51025 -12.84750  12.87290  13.21393  -4.97550 -15.71078  -8.55575  11.93273  19.32894   3.67343  17.08319  19.75747 -17.78237  18.90366  10.36408  -8.10087  11.00943  -1.89948 -10.64595  -0.73346  -7.44770   7.31539  -1.73569  -3.26886   4.89137  -4.00935  -7.67473 -17.77102   8.19178   5.84700   1.37444  -1.07321  -2.59347  -7.00574   8.39685 -16.48147   8.36632  16.03414 -15.79007 -19.60735   7.95566 -14.64094  -1.45205  -9.34960 -12.35616   5.62052  -9.99748  11.05496  17.87715  -0.13195  -7.79858  13.29026   6.61286   7.15338 -15.07253  11.03864   6.93370  10.97658  -9.06812  -6.82232  19.31187  15.82286  -4.46701   5.96329   1.07305 -15.82616   7.67759  16.10247  12.55619 -12.03180  -9.87708  11.36159   9.56704  -3.64658  18.25284  -8.72118 -15.72594 -11.18038 -14.25020   0.75461  16.32986
 12.85553   9.82941   2.20187  15.56091  17.80292  18.48187   0.94581  12.85329   7.34739  13.82796  19.71825   8.94378   9.60104  -6.14172   8.44680 -13.39117 -17.64314 -17.00336  -2.23239 -10.61927 -14.72621  14.17121  -4.97550 -16.09190  19.79825  -5.84848  14.18027   9.79941  13.08794 -15.43145  -5.97926  -4.05729   0.54751   8.46975   3.95103   2.34040  15.16257   0.09150  -0.76836  -1.66114  13.20869 -18.03689  -9.85014  -9.60630  10.16707   0.71165  13.21737 -16.61859  -8.00443  16.59306  -5.64213 -11.45394 -17.33380 -13.08797 -15.37282  -9.33290 -17.70473   5.86631 -19.24828 -11.90790   3.17134 -14.36762  -1.10229  -3.76162  18.61895   9.02602  -8.76626  14.36156  -8.78490   1.24272 -17.64568  10.93482  11.75161  -5.30591   7.13981  13.64756  -8.71372  -5.58905  11.76157  -0.35730 -11.52765  -3.26438 -19.98224   4.23801 -12.75050 -14.04562  -7.82574  -9.95727  19.89205  -7.46117  -4.95918   6.44167   4.19050 -18.22675  -9.27231  -8.24494  11.70662  15.22316 -10.23690  -0.48865
-17.71487 -12.92037  -0.21988  -9.63948   8.64685  15.05778   5.94066   9.81160  -3.60264  -0.47620   8.44124  -1.81269  -3.81818 -11.21529  -8.68898 -17.54032  11.11499 -11.65362  10.57111   3.98978 -17.90134   9.05528 -15.71078  19.79825  -1.41646  -1.09138  13.81295 -14.67868   1.40906   6.56478 -15.76232   9.07158  15.88548 -11.07582   9.38655  15.92249   6.67777  -6.30174  15.81536 -11.34074 -16.80461  -8.81419 -14.09306  -2.38270  -5.55951 -15.72351  -4.38293   9.59131  -7.03139   4.77960  14.26506   3.21614 -16.91604   3.16874   6.13826  17.18632  -7.62536  -7.55050 -11.94632 -19.43781  18.03862   3.13520  18.91140  14.21485  16.37448  19.84840 -10.75955  -9.00013  -5.41600 -13.26066 -13.95926 -15.62999  -4.28702 -12.90589  -2.74970  -1.08278   3.96130 -13.68062  15.48146 -11.98131 -18.74736  -6.54290  19.04275  -7.29283  14.26945  -8.55360   6.87517 -17.98330   5.08433   9.28838  15.46774   2.92312 -12.91609  -5.24048  16.00732 -19.91755 -19.87153 -11.09753   9.55799 -19.81973
-16.09839  -5.88854   7.66715 -12.49659  -2.01512  -3.27937  12.06759  12.81825   3.34174   9.52928   7.76778  14.33297   2.94251  16.58434   2.05677  -0.36005  14.13166  19.97486 -10.48570 -19.57082 -11.20563  -4.24027  -8.55575  -5.84848  -1.09138  19.42721  15.87379  10.16233   7.78787  18.58576   6.55974  -7.66829  12.25199 -17.55579  10.05026   5.82071   0.73406   4.33542   0.85684  -9.84293 -10.70857   2.24136 -17.63635  -5.50644 -17.27711   4.36152   0.36448  -0.59130   1.29634  15.37914  -2.04550   8.38114  15.74278   9.70427 -16.17217   5.32359   1.07865   5.93537 -13.06497   2.64855  -0.55357  -2.99361 -18.18056   0.13184  13.29040  18.86979  -4.33266  16.07545 -16.48029  -1.08944   7.12007  15.24052 -11.34513  -4.25137  -4.70639   5.03013   9.74192   0.47113  16.17724 -12.89673  17.68487   5.29421   2.89845   3.83564  -9.95541  13.99930   7.33668   4.39973  15.06636   4.05860  13.90415 -16.51216 -17.30382  -2.46649  -3.80962 -17.32447  -5.81911  10.45625 -16.65538  11.75841
  8.10932 -10.47397   6.44458   4.84969  -6.19382 -13.90625  10.55276  -4.98454 -11.64323   1.41263  13.00934   5.78818   2.19793  -5.63063  -2.88539  10.06564  -9.75310   7.71272 -14.64186 -17.70862   5.24570   4.51493  11.93273  14.18027  13.81295  15.87379 -19.74066 -15.14357  18.74205  -3.54190 -11.91814  19.42001  -0.86223   9.85042   8.70440  15.23188  -8.60216 -16.58045   1.77581  -6.34555   8.33321  -8.62381   5.86405   8.05155 -15.74541   1.59034  -2.72334   2.32333 -15.95686   4.86503  -4.41673   1.85337  19.60411   0.33576   2.41057  18.47206  11.79965  -5.50990  18.51638  18.65277  -5.55182  -6.21611  -0.65156 -18.41484  10.19186   0.25163 -12.08463  -6.12428  -8.38687   1.11595  18.19602  14.25156  11.17327  12.04802  -7.93328 -19.84471 -16.46211  -4.09093  -4.29577   6.43691  -4.75839  10.20987 -11.51784  16.04884   8.52131  -3.09923  18.14926  12.69244   2.49816  18.98977 -18.98997 -15.20492 -14.65711  -7.76516 -16.07787  17.47400  -4.34746  -1.76062 -19.15273   9.89162
-15.47745   2.85973  17.16797  16.17297  16.66165 -17.33724   6.31453   3.56713  10.95818  15.02301  14.20383   3.75642 -17.81878 -11.59310  11.19825 -11.92315 -13.69580   1.37116  -9.76938 -11.61252  -9.39171   1.43975  19.32894   9.79941 -14.67868  10.16233 -15.14357  -0.29056  -9.64305   8.64818  13.13632  12.22620 -17.38158  -0.70409 -16.01551  19.77278  10.49982 -16.41394   7.02480  19.53611  -9.08998  10.40000  17.88745 -13.35298   2.22086  16.91530   9.55735  -2.70149  13.88294   6.31387 -10.63467  -1.81400  18.20805   4.02071   3.68508  -3.16303  19.89817  18.58932  -2.54764  11.80734 -18.45637  -4.77874   1.22494 -16.74694 -13.10208 -11.77756  12.87051  -3.05346 -15.25633 -15.69737  17.88582  -6.04119  12.17582  12.90840   7.77531 -10.29911  11.63979 -11.22868  18.96995  -3.86090  18.27026   4.06847 -19.14691  -5.34592 -14.26552  -7.42393  14.37292  -5.20792  12.53191   1.86341 -14.40010 -10.84772   1.84823   4.69771  14.73039  10.89874 -12.82342  15.47004   9.78726  -6.51474
  5.44947   4.60933  -8.36923  -2.71124  19.85107   6.44837  -1.71421  15.04443 -16.57821   8.03747   7.54305 -12.57653 -17.91356  15.42573 -19.37000   2.35499 -11.30325  10.44318 -11.32300  12.19318 -15.01733 -17.14482   3.67343  13.08794   1.40906   7.78787  18.74205  -9.64305 -13.62615 -17.48500 -16.74239   2.08321 -16.96224  -2.72232   4.99031   7.87462  14.59882  13.77961  11.96176  17.57137 -12.67961 -16.12819 -16.69234  -3.80371  11.22425   8.34158  13.50377  -2.96388  13.04255 -10.70985  14.40464  10.19167  -4.38220 -18.79358   3.24386  13.35948   8.17104  -1.77754   5.57535 -18.38508  -2.89585 -11.64019   5.75994 -11.05782  14.88435  -8.16428  -2.83511  -9.15404 -17.71837  10.88524  10.54250 -10.68980  -7.74470 -10.00261  -3.41967  15.42693   5.87850 -18.35025 -14.91129 -16.20123  -7.47609  11.75331 -14.57131  13.47828 -18.14246   2.74165  -8.45920 -11.65402  -2.39906  10.57502 -19.21731  -0.75113   2.71373  14.99302  10.12368  17.25748  -6.02357  11.02080 -17.24772  17.20557
 -4.35753   5.47941   9.58916  18.59366   0.72954 -14.01683 -19.56558 -16.03246  11.80852   4.09776  -6.50278  -1.57473   7.85580 -19.13558  -1.67767  -5.95118   1.08741  -0.89152  19.13019 -10.02101 -16.91153 -11.32531  17.08319 -15.43145   6.56478  18.58576  -3.54190   8.64818 -17.48500   5.16385  -4.38160  -3.04124   6.60049 -10.47185  -5.15163   1.42668  -5.35390 -17.52406   4.28232 -12.17276  -0.32953   6.47975   1.55328  -4.21216  -1.33568  10.40806  12.35197 -12.46605   2.86452 -10.68535  19.23408  -4.49763 -13.99263 -18.49651  -8.62850 -17.06686 -11.42937  13.76134  -2.69109  -1.04161 -12.28028 -15.98968  13.59499   1.80327  -5.49283  17.63972 -13.53167  -5.19933  -0.46954   3.55477  10.30843   4.57172  19.81727 -16.42649   3.82194   4.04350  -8.90489  11.84308  -7.19530  15.92985  -8.77933 -11.61070   7.98566  -6.84817  -8.30403  10.87255 -15.61177   4.16969  -8.22536  18.03801  17.94946 -16.62233  13.95086 -10.78180  -3.58541  17.35626  -5.42028 -16.71008 -17.88032  10.26349
 17.54890   3.14971 -18.12743   4.79547  -5.21382   1.32515   3.20359  -9.13247 -18.11737  -2.93311  -3.62502 -15.11528  16.53041 -14.77992   7.66243   0.25117  13.61227  16.84728  10.74671   2.27967  -0.79376  11.44306  19.75747  -5.97926 -15.76232   6.55974 -11.91814  13.13632 -16.74239  -4.38160  -6.25267   8.26435  -4.07832 -13.38274  -5.78738   9.97969 -13.63627 -14.80327  -0.29879  15.39734  19.18253 -13.31387  13.06577   9.04707  17.17172  -2.46753   0.60007  18.95038  13.73207   3.37776   1.35215   3.85073 -16.00955  -8.62015   0.07085 -18.93960  15.56740 -16.39784   8.61494  -0.17428   6.11768 -10.36670 -17.91724  -0.13709  -4.51661 -15.93230  12.81675   1.39517  -8.42050 -17.47269 -12.33393 -16.41908 -17.11634  11.92609  -0.86912  -4.70858  -5.17821  11.40420  16.83890   4.85212  11.42523  11.16022  19.11790  -8.36442   1.98036   6.53197  13.38596 -12.25409   2.07791 -19.22434  -9.31363  11.88999 -19.52772 -15.36076   5.86663 -18.19872 -17.72597 -19.33868  -0.16771  -4.39231
-19.08115   0.60926  19.61008  13.32683   0.18759  18.97802  16.83497 -18.84006  14.54384   8.75541  19.58877  16.56410  17.88119 -13.88214  -3.43074  16.20604  -9.91249 -12.37809   2.99614 -18.52553  13.16812  10.87432 -17.78237  -4.05729   9.07158  -7.66829  19.42001  12.22620   2.08321  -3.04124   8.26435  17.91191 -18.64249   3.72670 -15.81743   7.93788   8.05949 -19.78836  -4.70135  13.91643  -6.51843 -15.95353  16.65643   8.18638  15.10768  15.42245 -19.98433  -1.04121 -19.55541  12.91523   4.49509   3.33364  -7.80619  19.74531  17.86382   9.36431  -2.25433  14.09887  19.16151  15.02337   6.30094 -12.39001  11.07794  13.43709   8.35496   2.83222  -8.86869 -19.87398  11.71778   2.90788 -16.33103 -12.19886 -19.32670 -12.31802   0.84315  15.18862  18.45642  -1.70211  -1.05821 -17.23292  -5.16243  -3.22895  -8.36573  -8.12689   2.09143 -18.37266   2.90136  -5.50060  -8.95339 -11.29379   1.89821 -15.46324 -14.30343  17.29383  11.12400   4.45849   2.89384  15.34406  -0.24347  -2.81843
 10.56456  12.34994 -10.77575   1.33309 -18.27420 -10.20333 -19.51131   9.31011  -2.08206   9.01986 -15.42204  10.54267   7.50997   7.93617 -13.42643 -11.08509   1.49323 -11.03057   5.29142 -16.62106  16.82273   0.28023  18.90366   0.54751  15.88548  12.25199  -0.86223 -17.38158 -16.96224   6.60049  -4.07832 -18.64249   4.85648  15.80445  10.19175  -9.03760   7.71706 -10.22686   8.57015 -14.36574  15.39239  -5.64955  -5.48848   3.48156  19.56861  14.27056  15.17448   7.00893 -15.37553  11.60927   0.07652  -8.41493 -13.63780  15.13335 -16.52725  13.02459   9.01725   3.79438  14.02810  17.64560  -9.79591  12.80442  -3.00093   4.03805  17.80994  -3.65248 -10.11493  17.03913  14.96947  -1.83812  -8.47779  -2.48101 -16.69180   0.78878  16.23050  -0.96649 -16.55161  -0.53517  -0.39394  16.38548   5.82325   0.19939  15.41522   7.82464   5.73922 -17.24197  -0.90297   1.50623 -19.07562  -1.17448   6.31543  -0.09588  -1.23630  -6.64780 -19.24546 -14.33634  18.52615   8.82311 -13.63818  14.11652
 -7.53585  10.30681  -2.87114   6.19495 -17.78707  -1.02785   0.74269  19.30801 -13.10930  -8.47694 -14.01344 -16.57931   6.27496 -17.68971  14.32552   0.65839   6.30111  -2.36527  -2.92240   8.87005  13.83660 -11.33260  10.36408   8.46975 -11.07582 -17.55579   9.85042  -0.70409  -2.72232 -10.47185 -13.38274   3.72670  15.80445  10.50436  16.72211  14.89099 -15.23975   3.84797   2.01465   9.81380  -2.56723 -13.88070  -3.09076 -18.10884 -17.01355 -15.84263   4.69000   4.22037   7.92541  -8.82361  10.93571  -0.71662 -16.51868 -14.11304 -16.61660 -11.15430  -2.57651  19.49854  13.11792  17.84241  13.78502  14.88149   2.61064 -11.30656   9.37447  -3.75958  -2.94465  -1.18203 -16.84252  -0.70301   2.23541 -14.78852  15.07092  -2.07811  18.01129 -16.38077  18.74610   4.81244  15.73146   8.44496   1.64269  19.48900  12.48190  -4.11911  -6.09575 -15.78695  -6.42395 -13.30982   1.54548 -14.91132 -13.05753   3.34391  -3.40330 -15.73681  13.77344   5.61535   7.46771 -15.04791 -10.60142  -2.54456
 -4.95553  17.88598  -1.08503   1.32826  -3.28284  -0.43005   7.91860 -11.35834   7.94018  -1.08571  11.17700 -12.24295  10.24429  -7.36009  19.52654   9.96842  17.09494 -19.82501   1.84083   2.55830   2.82803  10.75551  -8.10087   3.95103   9.38655  10.05026   8.70440 -16.01551   4.99031  -5.15163  -5.78738 -15.81743  10.19175  16.72211  -9.13936   8.17145  15.17600 -13.05558  17.48769  17.21449 -19.72864  12.00021   2.17552  -6.27301  -8.35050 -13.04480 -13.39092 -15.79192  19.98618  -9.70071  11.23899   8.37166  16.63026 -16.15534 -16.16891 -17.33343  -9.63730   4.37526  18.90345  -3.32667  -0.95777  18.73492  19.00324 -16.99090   6.00740  -7.91197   3.53803   0.58732   0.90649  15.91092  17.65065 -17.98900  -0.71549   9.94381   6.67999   9.45812 -17.13243  -9.85555  14.07840  14.64019   8.35064   4.46212  17.64987 -11.86517   8.59379  -8.82608  -3.59512   0.94753  10.21684  17.80118  -1.86003 -13.44840  -6.70730  19.79136  -4.65099  12.92574  10.92263   4.46257   9.06721  -9.63447
-12.51780 -18.60948 -15.85262  -3.30281  13.30886   7.52990   9.65611   3.00618  -6.86760   1.33387 -18.98761  -0.75869 -13.24647 -13.27855  -9.26663 -18.94583 -14.14920  19.66799  -2.85701  -6.36878   6.34807   2.26019  11.00943   2.34040  15.92249   5.82071  15.23188  19.77278   7.87462   1.42668   9.97969   7.93788  -9.03760  14.89099   8.17145  18.41032   7.41365 -12.14948 -16.83852  -0.99784   8.80903  13.96190  19.41374 -16.57138  13.39930  -6.77756  -4.07940  -1.15114  -2.47938   5.81272 -14.07340 -14.16161 -12.62981  -4.11822  -0.69687 -17.00783 -13.59852  17.55610   1.53213   3.00463  17.39821  -0.87666 -16.06526   0.89837   8.10057   1.21715  12.71953  -8.64820 -19.42880 -16.98723  13.26290  -1.19104 -12.31727  11.85174  19.47220  17.30407 -16.46081 -12.33932  -5.60866   4.95392 -18.33155 -10.10593   3.57076  -6.95354  19.61785  -5.71047   5.53006 -18.35030  -4.54883  -3.19969  -9.21440  19.45523  -7.91305   5.67759 -14.96549 -19.67089  17.26946  -8.11393  10.03970   5.68386
-10.45527 -15.00724   7.21738   9.74600  17.74084  16.93036  10.26909  12.53757 -17.27204   9.31385 -18.24370   4.98407   7.00297  15.23023   9.09722   3.72307  -1.33862  13.30579  -5.41319  13.37510  -1.63754   0.96158  -1.89948  15.16257   6.67777   0.73406  -8.60216  10.49982  14.59882  -5.35390 -13.63627   8.05949   7.71706 -15.23975  15.17600   7.41365  11.14201  -4.70990 -11.12607  -1.74595   2.24000  13.37580  10.88119 -11.98591   9.33329 -18.70198  -4.96764  19.95330 -15.81310  -6.61866  -3.21870  15.20285   5.91297 -10.36246 -17.26139   1.57657  -1.12296   1.96594 -12.08372  -9.73968  13.12662  19.57501   8.67613  11.49125 -11.43070 -16.48315   4.26431  -8.23107  -5.29708   4.16464 -16.78133  -1.24206  -0.36530  12.13824 -19.37046  -6.49733 -13.30292  15.41710  18.12397   6.89071  13.20957  10.40952  17.81680  18.75087  19.21448  15.03597  -3.35738   3.17623  -7.32743   7.02228 -19.18362  19.03016   7.33297  -7.41893  -7.50646  19.67081  12.95641   9.27922  -8.85719  -1.90680
 -1.10484   9.52844  12.50075   7.07930   8.51370   4.64455   7.69541   7.75395  13.74365  19.11074   4.17822  -8.08474  10.41129  -9.58579 -14.53853  13.99011  16.78134  11.83007   7.63657  13.36938 -19.86441  -6.38932 -10.64595   0.09150  -6.30174   4.33542 -16.58045 -16.41394  13.77961 -17.52406 -14.80327 -19.78836 -10.22686   3.84797 -13.05558 -12.14948  -4.70990  -2.05408  -6.33027  15.35807  -2.36955  17.88538  -5.59675   8.38840   2.18220   8.52352 -18.01875  -5.69897   9.67708  -1.44146   7.99237  -1.26610 -11.67234  13.37939  -8.34580  -9.18257  16.57842  19.07311  -7.55465  11.35812  -6.22113  -8.20915   3.80203  17.33300  17.88867   5.91860  18.95075   2.86311   5.98028   4.99687  -1.99166 -11.39175   8.16964   8.00360 -10.68550   9.85686 -10.25457 -13.02864  15.88615 -15.02518 -18.93145  -5.07834  -2.63941   5.66957  18.98809   4.74973   6.79216  -2.62777 -15.74456   6.78364 -14.59347  -3.95549 -12.93122  18.04776 -19.33777 -15.69242  17.16114  -4.56789   6.42873  19.79212
-11.17992   8.67329 -11.96688 -16.11534 -16.39883  -6.76338 -15.68792  -1.33737   3.37097   6.27745  -4.33791   4.83542   9.41397   6.86035   5.60240  -4.79846   8.51759  15.29577   5.36723   2.89953  -0.02922  -0.21378  -0.73346  -0.76836  15.81536   0.85684   1.77581   7.02480  11.96176   4.28232  -0.29879  -4.70135   8.57015   2.01465  17.48769 -16.83852 -11.12607  -6.33027 -19.28616  14.74596  10.26221  -7.29244  -7.93433 -13.96432   7.65402 -16.11771 -19.49220  16.97162 -16.92422  19.05676  -0.45748 -10.69247 -17.29661  19.15507   6.43342  13.44607 -12.28697   8.32807  14.51427   7.57484  -1.48900 -17.06007 -18.86925 -12.80722  14.75470  16.28071   8.31920   3.51002   1.62946 -18.59172 -17.43158  10.89374   6.31701  -2.90150 -13.45462   9.58203   7.47633  18.24566 -14.51189  16.32430 -14.20884 -19.75838   2.32326  -4.07693  14.84682  17.56536  18.33327   9.81808 -18.22218   1.56647   4.96747  -9.14825   1.75556   5.95410 -16.15869 -11.83832  -6.29020   6.95665  18.82611   5.57208
-19.77708  -0.62913  -8.73518  19.11487  10.38316  -5.38744  16.41657   2.34063   8.91450  -0.58869  -8.95210 -18.50271  10.52791   3.59180  -4.34702  19.59523 -14.05521  -4.68836 -14.84293  14.44142   9.14046 -12.78426  -7.44770  -1.66114 -11.34074  -9.84293  -6.34555  19.53611  17.57137 -12.17276  15.39734  13.91643 -14.36574   9.81380  17.21449  -0.99784  -1.74595  15.35807  14.74596 -11.10664  16.99828 -14.64239   3.03923  -8.47881   6.15708  11.42787 -14.87845  -9.59372  -7.34827 -14.09483   8.74305  -5.78342 -10.88445  -1.65101  -8.26008  14.73362  -1.71236  -9.21125 -11.90951   5.58705   9.45712   3.07944 -19.13986  -6.11799  17.99060  16.21121  15.89998  19.88377  13.89097   9.73009  -6.88770  -6.33521 -16.36237  -4.62350  -0.47451  10.96948 -18.04100 -13.88515   7.64396  -5.25576  19.31500  -8.14004   6.58144   3.20400 -19.01690  18.07751 -12.93412   8.59047 -19.35492  -4.90857 -18.88924  10.65308  -5.36594   2.80902  -4.31511  18.34685 -19.96961   3.01546  15.25842  -7.10859
