-19.87295  11.98826 -18.23727 -13.32561   9.40797   5.01988  -3.72339 -13.66337 -11.43262  18.31673  -3.88966   6.20664  15.52302  -4.24958  13.78835 -11.62486   4.88084 -10.97367 -16.35014 -17.95292   8.46884   6.71422  -3.85366 -15.20713 -11.68967   3.75122  -7.00616 -17.60972  -5.49768   6.06179   9.20731   9.01071  -6.39170  13.80693  -3.42482  13.90900 -14.82994  12.05748   0.07257  -0.76611  -5.19320   6.45795 -14.37144   2.38499 -11.26354 -17.61075   9.20948   2.40202  16.66163  -7.38931 -17.32886  10.84721  -6.20036 -13.54841  14.39885  14.60985 -19.37662  17.82698 -16.41719   2.25266 -11.93133  13.32836  -4.71810  16.88014 -11.65932  13.30674 -17.98867  11.79873  11.67608  -7.56008  -3.29208 -10.63239 -16.59463  -8.24481  -6.91448   9.74602  13.89384   5.57145  -4.04190  18.34838 -19.93063  -5.68704 -16.95152   3.50767   7.85897   4.28877 -19.06950  -3.70345   4.69352  18.62791 -14.38679  -0.75803   5.12859  18.65182   2.86831  -2.53543 -10.80443  12.69098   2.24512 -12.54330 -18.15240  -7.20879   7.63377  13.40403 -14.31134   6.36846  -4.18870  11.18628  -2.24825   4.04253  -8.38981 -12.22516  14.54158   6.10439  -9.89568 -17.26891 -11.53640 -19.37894  -6.51690  12.20125  10.49756  -4.53776 -10.02291  -6.22278 -19.88129   8.78267 -17.61991 -15.23342   6.80082   0.41071  19.60785  12.45883  16.19691  17.41160 -19.80713   2.39471  -1.02260  18.81045  -9.24254  -9.10758 -19.05233 -18.34031   1.76498  16.33598  18.23140 -13.33434  15.54082  14.17618  16.63347  11.27503   7.86923 -11.21519 -13.25166  16.47196   0.03040  18.03906 -17.24903   3.04220  18.99534   1.43787   3.07331  11.60712  -1.67033  15.41228  16.15255   7.95807  -2.62238   1.17846  -2.10162  17.78616  15.36027  -9.81265   9.35440  -8.14511  13.60984  -5.36275  11.29783   8.70312  -7.17713   0.85042 -16.92965  15.15341  -4.75836   3.11989 -12.90218  -5.09242  19.00010  -4.83357   5.56893 -14.44418  18.81322  12.30275  15.04854  -4.31658   4.08652 -14.84794   2.57332   7.13976  10.15593  -5.12294
 11.98826   4.88806  16.00301   6.67733   7.52688   9.54048  11.10723   3.62674   0.60229   9.71871 -10.28443  19.45440  -4.48295 -17.35927  -4.37064  18.15859 -17.51004  -0.83184 -12.06305  -4.32853  -2.79111 -14.90348  -1.31776   5.94875   1.84332  15.28231   8.31242 -17.91573 -11.56860 -16.04863  -7.92935   9.16335 -19.16559  -6.44463  -3.49175   4.23731  11.17914   8.39194 -10.52566   0.27104   1.40500  -1.73929  -6.61853  -7.79929  12.56098  -9.37033  11.02428  10.91063 -19.59059 -19.42750  -7.89963  -7.02683 -14.68192   2.80278  12.10172  -8.44118  19.24502   6.15368   4.67332 -13.12174  -2.76895  -2.19398 -14.51341  -8.86094  -8.86209 -12.78148  12.57572   0.07802   4.52561  11.50328  18.64108  11.29795  -9.37809  13.11371 -18.24778  15.96847  14.96569 -10.41146   0.09615  -6.18114   8.70582 -13.36824   6.48786  16.15516  15.88125 -16.06977  -3.20270   3.47879  19.44392  13.33445  17.94980  -5.34305  -4.38795 -13.35503  -7.13080 -16.18489  -7.59574 -19.66231   3.30446 -14.51826  -0.88767  -6.68648   9.28404 -19.51733   2.02721  -7.14707 -17.76992   2.18097   6.96661   5.61267   2.30212 -16.44831  -5.76587   1.82873  11.97465  -9.39668 -12.02413   8.08473 -10.69751  -3.79744   7.19795   6.43884  19.00507  -5.71666  17.10121  -3.79773  -8.34894  -9.30576   1.65754   3.10494  15.17613 -11.68448 -10.99515 -14.24345  16.58736 -14.47745  13.56730  18.52712  -6.81736  12.04799 -14.88954   7.52547   4.72340 -12.84154   2.02208 -15.19751  -2.40200  11.97556 -18.42425   1.63520 -14.90269  13.09179   5.50508   8.62423 -13.54470   4.59312 -19.54586  -9.49269 -17.37707  19.40581 -17.02504  -5.48334  -6.71407   8.39567  12.76649 -12.72575  -2.23823   3.81908  -1.35148 -17.78265  -0.92326 -13.58468  15.14422 -12.27747  13.89944 -18.48206 -14.42823   3.68749  11.69849   3.47246  18.50051 -14.82963  -0.29315  13.47367   0.42450  -4.19478  -5.95184   5.02148  -3.83780  14.06848 -10.18705  -2.14938 -17.45708  -7.82692 -15.16805 -17.55603  -4.54504  -8.58358  -1.03409 -14.11483
-18.23727  16.00301  -2.93635 -17.43131 -12.98048  -6.50803   0.47221  19.72772 -19.78684  15.87435 -16.68471  -8.68664 -19.88220  17.33308  11.05009   8.78569  11.49015  -7.05780  -6.78302  10.53824   9.59822 -17.26928  -6.32537 -18.97477  -5.59714   8.16935  -4.84878  -2.40768  13.98721   5.38684   2.62683  -4.80024   7.52349  18.41050   3.33154  19.65286 -19.11414  -0.65865   0.92213 -19.34109  -1.14664   7.61680  11.82831  -0.94640  -9.89475  -1.40171  15.73806  14.93449   8.59349 -14.59467   6.45368  -2.26583   2.78533  -2.51629   4.01459  14.49760 -14.93112  14.68755  11.76823  -9.13195  -1.11942   9.04123  14.13421  19.03342  15.09905  18.57169  -1.73023  13.15827   1.67244 -16.72075 -12.05494 -12.50467  17.09702 -19.73018 -14.10213  -7.99920  19.45627   0.09521  -7.04465  -4.20401  14.20403   7.27793  -8.62916  -2.96661  -3.45731 -15.79423 -19.83186   7.34720  14.21360 -11.94626  11.07237 -14.36679   9.06633  -1.55425  -9.14950  13.28943   2.38633  12.92917   8.72220  -4.75686  -3.06668  16.37046   3.95177  -8.86198   6.19397  -2.43090  17.62611   8.45165 -15.72608  -9.00661 -10.09725   2.78344  14.43294 -11.81250  -4.44841 -18.39322  -6.36741  -2.83678   3.92184   0.48714  14.08501  16.14366 -15.30205   4.96784 -17.16782  -7.35349 -14.29818   7.37447  12.51953 -14.98867   7.17201  18.02030  19.43233 -12.68191 -15.56601 -19.85339 -10.00002   0.90050 -18.43738   7.56124  12.62773  -3.42421 -19.06271 -12.36439   0.49801   0.96906  14.54697  18.69059 -15.87152   1.96987   5.17001  18.22409   2.55585   0.51365  -6.24584  -2.84081  12.80987   5.39718  -1.74418  -8.68469 -14.54811   9.20576  -3.05994   3.49047 -17.59561 -18.49687   6.80621  17.62812  17.85636  13.35779  15.29384 -12.00486  -2.00804  -6.79590 -19.20192  -4.13204  -4.52635 -19.44822 -18.73994 -16.02835   1.43933 -14.87734  -7.49447  17.67552 -14.58044  -5.30388  -8.47380 -11.07011   4.75572  17.15779  11.71618 -18.05127  19.19260  -0.20294   4.61476  -7.43674  -3.84165  -0.14191   1.69777 -13.22132
-13.32561   6.67733 -17.43131  13.63539  10.86299  19.63020  -0.98572  18.18411   8.43303  -7.87680  11.65322  -4.69975   5.87552  13.84637 -13.66727  -2.78229 -12.45219 -10.26272  19.00610  -9.45488  -3.29329  -5.11497 -10.16433 -12.71164  -3.08336   4.29974   9.18779   0.86663  17.51302  -4.79289 -12.63719   6.58077  18.77024  14.06113 -16.89516  -1.86576  -5.76456  19.81063  -4.24885   9.43310  18.79128   5.63642  16.63165   2.98936 -18.52281  17.96136  -8.56297   8.45820   4.22480   9.89923  -7.73697   2.82178   8.46283   7.73724  -4.43729 -12.10033  -5.88441  17.99715  -2.18662   1.27221 -19.14675   0.63510   7.61244   4.28947  11.69291  -8.64652 -15.43357  -8.08826  -6.27709  -4.57499  -4.71827 -19.76213 -15.32107 -13.56370 -18.16823   0.66580  -1.27459 -12.98847   3.92467  19.46347  17.37190  -4.05365  18.75177  11.19102   0.09362   0.42895 -16.61765  -9.34970  -7.61817  11.91914  -1.76666  13.24470   5.66438 -10.84828  15.50305 -12.43008  14.89959  -1.55760   3.65937  13.06561   1.25748  11.38200 -13.87561 -18.31850  18.38856  -7.92184 -16.78037 -16.10662  10.78413  13.05327   7.08339  -2.98159   9.51842  11.18107  16.95481  11.17854  -8.74726   8.74554  -2.61497 -19.88002  -7.14181  12.42973  -4.38711  11.07720  17.98431   2.78952  -8.09843  14.41889 -19.87506   4.46739  17.04672  18.32374 -15.41357 -17.23537   5.84053   5.19173  14.12862  -4.68645  12.64569   0.74264   5.13347  -8.48402   3.77335  12.21384  16.99885 -13.62310  18.38113 -10.70793  -2.20839  19.73107 -18.83838  12.90654   1.61074 -14.99104   1.61546   9.20568 -14.67662   2.85391  -4.00621   7.72558  -3.36788  -6.78520  -3.73547  13.68427  14.50466   9.63859  12.36857 -11.20216 -10.75151   2.22902  -7.75835  -1.92826  16.50144   8.61351  -5.93462  -6.56996   0.99647  10.99649  11.47030  -4.68556  -5.21461  -2.98049  -8.63873 -13.57279   6.86434  15.29298 -12.47579  -9.20934 -10.14810  -2.25649  19.83028  -4.01800   0.79976   8.97994   3.24895  -4.13146   1.93931  11.90385  13.04808 -13.13615
  9.40797   7.52688 -12.98048  10.86299  -7.75798   7.38214  16.09550  -7.51636   4.89967  18.84187 -19.27228 -13.97694  -4.56452 -19.90501  10.65374   8.22805  -6.76748  11.44806 -15.12045  -4.99578  -6.38148   4.90084 -10.74147  10.80930  -2.95199  16.52200  -3.56362 -13.71561  10.85595  11.34417  16.61500   7.07088   4.52768   0.10437  12.22210  -3.16371  -1.35522 -10.45487  -8.58150  -5.83456  -2.07717 -11.61209   3.26849  15.01531   8.68575 -16.71307 -14.21361  -4.36060 -18.66223 -11.41729 -16.49514  -3.07566   2.17411   5.46830  -4.18912  18.49199 -17.18270  13.38086 -16.77205   2.44277  -2.86183  -5.89697  17.50886  14.26256 -14.45034 -13.87368  -6.93715   0.77312  11.91202  14.98807  -1.20272  -7.24670   2.81746   5.15056 -11.66383  -1.79499  10.06166   7.97291   9.95063   6.39219  16.28334   2.37823  14.39530  14.51895 -14.28281 -13.29868  -3.40354  -4.39572  -5.03935   3.77483   8.55201   0.79312  15.76327  13.30135 -10.03760   7.27440  15.22550 -14.19451 -18.01377  -9.06867   7.68831   3.66524 -19.17511 -13.08638  13.83771  -9.11977  12.18466  13.38960   5.35385  11.46318  -5.58439 -16.12775 -14.40860   1.38141   1.56288   8.70347   1.77002  -4.03721  15.37543   5.20883  12.11666 -12.85302  12.92660  -6.13624  18.18892 -10.84409 -11.21370 -17.55800   2.32068  11.10337  -1.22108   1.46067   4.57089  -3.77636   9.82377   8.67221 -19.53776   2.65991 -15.36341 -15.31776  19.34322   8.40077 -12.12013  -7.68089 -13.43383   1.86856 -12.40886  -5.69594   9.44518   7.03315 -14.21001  15.86095   6.28371 -12.94731   6.63433  13.77580 -17.33950 -11.89348 -16.02857 -14.53543   6.46088 -14.34167 -10.55642 -18.90033  -8.89518   8.90529   2.96718 -10.92096  16.45659   9.03181  19.59147  -0.32521  11.04382 -15.74284  -6.90486 -16.28558  -0.66659 -10.80937   8.83598 -14.47987  -4.20790  -4.31999 -14.48401   9.04528 -14.56679  13.37167  10.15702  -8.23175  -4.60359   7.16919  -5.72499  15.85070  -7.97912  -9.16605 -18.04368 -16.23713   7.97643  -0.23468  18.48594   3.74440
  5.01988   9.54048  -6.50803  19.63020   7.38214   0.72946 -16.77667  16.26436   9.10812  17.76593  -7.75636   6.75147 -11.43447  -1.15119 -19.90363 -13.18755  15.78755  16.87597   3.21092  -2.02183  -8.97416  15.16739 -18.98082 -14.36105  -0.70917 -19.88226   9.68906   8.00356 -15.75863   6.89148  -2.66564   4.09386 -13.24176  -9.56542  -6.99651  -9.85567  -6.00163  -7.29332   0.94853 -10.07067  17.48099   8.30825   4.50876  16.08049 -18.69448  10.23121   4.20552  -7.21057  -4.23609  -0.25674 -15.93014 -10.93915  -6.44162 -13.12924  -3.16699  18.82936   3.45366   6.01614  -3.68928  14.37055   8.90034  -9.53333  -9.68689   7.38963   4.26467   1.53649  11.70100 -11.72845  17.08785   9.65058   7.51983  17.67626  -6.34425  -7.55394 -12.58012  17.09320  11.43204  -3.73729 -10.48734 -18.17795   3.94838  -2.00332  -5.38878   7.20112  -0.45805   0.47561  16.56663   4.40423  -2.72487   0.28297  17.60229   8.16638 -17.46075  17.85738  12.19887   1.28757  -4.68518 -19.09079 -11.39848   8.28843  14.47298 -17.33679  -1.69291  -1.72597 -16.01452  -3.83520  14.66980   5.63805  13.63360 -17.17918   0.40734   0.48514 -11.23034   9.74912  17.90631  -5.66713  -6.15839  13.37830   8.74205  13.96576   0.03943  -7.29640  -6.07954  -6.31790 -12.36336 -17.00441 -12.74656  -9.90141  15.54160 -19.70218  17.41042  -5.91010 -19.72387   7.95178  -7.21897   0.43907  -4.57648   9.62975   7.82288   5.38968 -10.09507  -4.31211  -9.13723   9.54737 -16.40834  17.83126   0.96416  11.37573   6.53317 -14.42338  -5.77017   6.99402 -17.15264   1.39408  11.97681  17.63672 -11.35815   8.90156 -13.48320 -16.60844  -1.11441  -7.21055 -17.42270   0.06347   0.69517  -7.28982  17.17930 -15.31338 -12.04188   3.63948 -18.83483  -1.83093  -4.61464 -10.16073  -6.37111  -5.20401   6.11621 -12.07720   4.08868  -8.61421 -13.22296   0.44870  -8.20159   1.88258  10.19294 -17.95865   4.21327   5.47692   7.03800 -18.31411   6.93361 -14.36012 -11.05069  -1.37651   6.44350 -17.77023 -10.68489  -1.43488 -15.22679 -19.47397
 -3.72339  11.10723   0.47221  -0.98572  16.09550 -16.77667 -10.28281   2.59152  -1.04233  18.78957   4.87130 -17.10477  -3.26215  13.94792 -17.48332  -1.37911 -10.56623   2.34927   0.91237  12.07218  -4.66889  16.31333 -13.72886  -8.79014 -12.06013  10.22094  19.67951 -12.70869   1.66283  -0.39069   6.95981  12.79415 -13.13481  -6.26328 -10.03416  13.17467   1.36222 -16.42655  10.51346   6.75124   9.41519  -4.70955  -6.23359   5.77919  15.42093  -8.98374 -13.14962  -9.99869 -12.51205 -15.24353 -14.97592 -10.31626   5.81670  14.27960   4.09962  18.31393  -3.06251 -15.23138  10.85920   8.02146  19.76182  -4.81874   8.47014 -17.80395  14.55758 -16.38204   8.63498  10.23252  -3.55566  -3.54478  -8.10471  12.38319   0.29426  -4.48970   3.44277  -2.38895 -15.13073  17.10514  -3.95825   8.60102 -15.23938 -13.41797  11.89702   0.52221  19.08046   6.05699   8.57892   9.99627  -3.45767   1.50707 -17.98022  18.81124  10.14124  -5.33806  19.63071  15.97833 -16.86455  -6.82047 -10.08099  19.42723  10.78203  13.01522  -9.05595  -9.50934 -19.45799  -7.21481  12.58490 -19.02724 -11.11270 -13.66497  15.00186  -2.29259  18.75038  14.33717 -10.44993   2.35643  -2.71685   3.35486  -1.21486 -11.02501  -6.75698  15.12742   6.92733  18.11816   3.29453 -10.05797 -16.74906 -14.45914 -19.77526  14.61478  -4.85222  16.44585  -3.29725  16.38528 -10.67658   2.05593 -18.82525 -14.99959  -7.41239   7.84517  15.92486 -18.52253  12.82075 -13.74050   2.68151  -0.23004 -11.01381  12.08217 -18.82162  18.27848 -12.41668 -18.27938 -17.71322  -4.85617  14.73075   5.68548 -15.34702  -1.58833 -16.82306  -1.54530   0.53667  17.83796   3.63994  17.84154 -12.77403   6.89089  -9.38867   9.51184  -3.07810 -15.28869   2.44709   7.99643   1.82947  13.24880   3.08659 -16.12226  -2.06027   0.00773  -0.00004  12.12974   1.74643  -2.18999   5.58165 -15.79292   0.90778   4.73191  -4.17439 -18.80808   5.62460  -8.06468 -16.54342  13.54769 -16.92737  -5.67653  16.39863   9.97891  -4.17975  18.60455 -13.16148  18.40516
-13.66337   3.62674  19.72772  18.18411  -7.51636  16.26436   2.59152 -14.63502  10.03987  19.66450 -13.36042 -15.94398  11.52584 -16.94311  17.31486 -19.95929  -9.45449  13.58068   4.53689 -19.87345  14.75922   9.05761 -14.18454   5.20183   3.37653   2.77167  -2.35920  -2.41782  -3.69762  14.78093  -9.55342  -6.53974  -8.60766   2.31302  15.80985 -14.71888   1.17069 -11.21706  11.51263  11.79228   7.68678  -3.68683  19.90764   2.29313  16.16305  19.82797  13.50573 -10.56645  13.78520  19.17656  -6.87172  -4.10194   9.93326  -7.36268  -9.89157  -3.69079 -13.23479 -10.11920  -5.88516 -10.76275  -2.88648 -12.46293  16.05558  -5.42346  -7.65842   4.83868  12.54149  -2.99662   2.39693 -14.92684  -0.57451  17.22273   5.09331 -17.86824  -1.19631 -11.57871  -5.98461 -18.35579   8.38406  18.86094   5.53536  -4.60715  11.84957   1.15102   6.30688 -17.02402  11.38207   5.21548  -7.02926  13.32742 -19.70347  -2.66638   2.59887   5.02437  15.70467 -14.18656  -9.13204   8.42142 -12.36853  -0.05227   4.68936   0.20814 -11.72693  19.11260  -0.89431   0.88317  -9.53432 -15.70058 -10.96566  -2.35010 -15.96658   1.64356  10.26069 -19.19025  -3.20114 -12.92426   4.88911 -14.61542  -8.20621  12.34893 -19.79352  -6.87203 -10.11090  -6.41775 -15.16527  -4.85034   7.57961 -12.78706 -11.84474   6.76063   2.61826  -3.79858   7.44042  15.37487 -10.64550  -4.73139 -17.69437   1.99869   7.52275  -4.47014   4.38856  16.73050   6.22887   0.80950   0.95047  -5.00697  15.18973   3.75072 -13.31253  -3.98125   8.43823  17.52667  13.86710   6.43937  10.84644   6.14816   4.17737  12.21646  16.52118   9.21369   7.56854  -5.90148   5.67692 -18.41164  -5.29793  10.03099   2.63422 -15.16613   8.31238  19.62661  -2.03601 -16.79600   5.02940  -6.54761  13.95903  -3.00162 -17.78785  -9.05103 -16.08050   4.58721   7.14054   1.27689   3.88989   9.94381  -0.67430  17.99330 -13.33729   7.89862 -10.60337  16.61780  11.26297  -8.17484   6.64702 -12.49339  -9.65911 -16.67809 -15.54749  10.14162 -10.76591  -6.47206
-11.43262   0.60229 -19.78684   8.43303   4.89967   9.10812  -1.04233  10.03987 -15.80247  -3.57326  12.12389  15.25663  -7.75200 -11.31255 -19.69542  -1.67735  13.78008 -10.83268 -13.12876  -9.97464  14.86007  12.75191  -0.25488   2.85598  -6.71035   2.37778  -8.92404 -17.09351   0.75534   0.05603 -11.06374  13.45408   9.63136  -9.71085   1.56071  17.56088   2.56451  17.20092   6.98264   2.28135  15.28955 -18.82605  17.66893 -13.92482  -9.63749  -2.60860  16.98919  -4.30465  14.39477 -13.16776   9.39504  15.09601  -3.16589  18.64282   4.62215 -13.20402  13.47644  11.63238 -18.96947   0.45082  -5.47338  -5.44390   7.87530  10.81222  18.39906  17.39312  16.07856   1.86827   1.36837  -6.36369   9.23852  16.87528 -16.30887 -13.68480  11.80056 -13.14620   3.93762  14.34417   8.17155   5.98861  13.84939  13.31880  -5.18840  10.23554  13.35089   3.98394   5.74095  -4.33998 -11.18268 -11.87588  -8.62073   6.44012  18.47916  18.24155   6.08932   4.16259 -10.03881   2.07859 -11.30824 -18.84485  14.24711  15.98933  19.65504 -14.64739 -10.91122   2.49646  12.56630 -10.87735  17.09771   8.08065  -4.88989  -3.47703 -13.14696  -8.51174   0.06750  19.74124  -3.54221   9.48851   4.39057   0.83629  -2.97521   5.11674  -2.68627  18.98401   6.91567  -7.80004  -5.63558  -8.92648   2.97130   7.90879   1.12518  19.73431  -3.30219  14.15698  11.19780  -4.21515  15.22986  15.03093  16.73262 -14.30430  -3.13698   2.81682  -5.17376  -7.46373  11.77615   3.51360  -8.19714  12.12625  10.28772   3.07239   2.05099   4.43762  -7.12793 -15.29179 -14.76392 -15.18506  13.42417  17.73251   9.46064  13.75914   2.45807  14.47559 -13.51344   9.62355   8.80795   8.71084 -18.29588  18.07142  11.68856  -3.22414   7.28356  -2.33859  -6.28987   0.07598  -3.68525  14.79346   9.96778   0.24690 -10.11226  17.67405  10.13678   8.58902 -19.92783   5.73651   1.15593  -6.66832  -8.56800   1.21443   3.89547  15.98827   7.72387 -11.79554 -13.44900  -9.89869  -2.34065   9.64487 -10.54092   4.74078  17.17460  11.29523
 18.31673   9.71871  15.87435  -7.87680  18.84187  17.76593  18.78957  19.66450  -3.57326  17.00966   5.86331  -1.22876 -19.82198 -17.59901   3.09215 -17.66808  16.18416  -2.63268  13.54858   0.54086   5.76182 -19.16163  -7.52283   0.95573 -18.52746   9.84046 -13.17781  14.46035  -5.65641  17.42339  -1.34872  -2.85784  10.98404 -19.23800   7.49281  16.77887   1.53608 -18.28338  -9.38358   6.65113   7.69149  -6.02097  -0.45875  -1.36466  17.82925   9.73417  19.07046   0.34833   6.53786  18.04916 -10.35819 -15.99561 -16.17502  -5.44024  -2.08163 -10.50137 -18.07299 -10.63249 -11.50901  18.29436   8.39354   5.80322   5.98021  19.52999   2.85981  -6.51294  -8.36664 -17.92163  14.55612  -5.11337  17.97679 -18.30855  -2.41491   1.79658  13.21267   9.25490  17.94937  13.32880 -11.31008   4.79237   5.52336  -2.70444  -1.47160   0.32609  -6.06098  -9.19639   0.36783 -11.41180 -16.52979   4.01203 -17.80268  -9.12632 -12.75530   9.31656  13.77166   3.65365   9.34563  11.82668 -16.79471   9.84177  17.60271   0.65498  -7.46425 -15.78088  15.55670  18.62831  19.23651  13.14941   7.43109   9.61753 -19.23453  18.33992  -4.27351 -17.71114  -8.65006 -10.73079  14.76102 -17.47740  -5.24622   8.28149   4.00319   0.91231  -8.92273  14.33155  18.38035 -10.45453  -5.85209   6.11068  -9.10329  -2.45069  19.20854  -1.29048  10.44498   2.20260   0.58182   0.31400  11.42859  -2.96254  -5.01900  19.03823  -7.60489  -1.24866  -5.12635 -13.35992 -13.40996  17.84024  -5.27421  -0.14324  12.02091 -17.09918 -11.64352   6.20790  -2.70792  14.17439  17.14022 -15.53990  10.77608   7.93789  19.38899   0.90991  12.19626   0.26425  10.49645  -0.05147   6.82845  16.06050  13.14613   3.42023  12.66032   0.78613 -15.77861  10.25184   1.11052  14.15675  -0.40202  16.81629  -0.43409   1.55723 -18.22860   6.22845  -7.77893 -16.16830  13.11359  -4.54007  17.45999  16.29785 -16.23731   9.58706 -14.05714 -16.30987  -2.57710  -3.83508  15.95550  15.58418  -2.14236  -0.20467  -7.19403  14.23666   0.58199  -5.15026
 -3.88966 -10.28443 -16.68471  11.65322 -19.27228  -7.75636   4.87130 -13.36042  12.12389   5.86331 -11.20108  18.92282 -11.02250  -9.16061   7.77312  15.36175 -16.49415  17.08860 -13.66213 -10.27073  -1.40283  -7.55851   5.17147   8.25380  11.88697  -6.76288  -4.62530 -10.56158   2.36921 -12.72434  10.40188  18.62704   5.11396 -10.01807   1.09196  -9.84360 -19.98105  18.77262  15.18921 -13.86497 -19.22611  -3.94661   4.90042 -18.15522 -12.35267   7.66810   6.45360  -6.81092 -12.07105 -18.08019 -18.91216 -13.53109 -11.16214   3.93937  -4.51124  -7.05142 -12.75467  11.40918   9.33362  19.26542   3.17446  -0.42664  16.69500  19.64087   4.14069  -9.31567  17.54405 -10.01312 -14.29468 -18.48216 -15.08680  -7.94266  11.64100   8.09961 -19.14298  -5.28384  11.33699 -15.13846 -18.87689  -8.58216   9.52195 -12.62040  12.09893 -16.39444   2.23427   6.56632   2.02890   9.78716  18.40419  16.46178 -14.93789 -16.40995  -3.47468   6.12958  18.34275   5.82987  16.13501  -9.56596  15.74934  13.95103   4.02533 -14.44761  14.13878 -16.96220 -10.34914   8.33948 -10.20703  -0.07995 -17.63142  -9.67738 -11.07992 -17.71653  10.31827 -18.08992  -1.39145  11.15445   3.62366  -7.47223  -8.40686   5.48468   5.90059  15.19122  -3.63867   1.70490 -10.97941  10.11820  -1.28105 -11.05467   8.06487 -16.90020  -9.88676 -19.23124   9.99040  -1.01332  11.35400  12.76340  16.87564 -14.45253   9.54694   3.81046   4.67422  12.23289  -4.35645  -8.09420  10.90877  -2.90891 -13.74396  19.16089  15.62155 -13.46326 -14.37835   1.11701  -2.19699  -5.55910  -1.21922 -15.64743 -15.29551  19.76920  13.27799   0.68282 -18.66547 -14.64938  19.72256  -8.77768 -13.05249  11.70920 -13.19790  17.76197  -3.98611  15.26617  12.26407   3.58262 -16.42967 -18.10497 -17.56707  11.34930  -5.62768  10.57657  10.96335  13.63720  -2.69581   3.48251  -3.91512 -19.58534  18.23365 -17.83484  -9.65159  16.52412  -2.45229  -1.78616   2.52035 -16.14474   7.88257  -0.67239  16.66246  12.51503  10.06261 -18.35608  15.88430  12.87716
  6.20664  19.45440  -8.68664  -4.69975 -13.97694   6.75147 -17.10477 -15.94398  15.25663  -1.22876  18.92282  -7.03660 -13.50036  -2.18336  14.99872   8.40436  13.84408  -5.76994   4.93747 -13.70140  -2.61142 -13.38169  -2.53321 -17.84004  -8.26132  15.97621  -0.87327   9.04510 -14.88724  -7.53627  18.57871   6.48014  16.53735  -2.70394   5.07528  18.61934  -1.93835  16.61831 -14.87974   4.02015  14.04665  -4.38381 -11.17493 -19.04482   6.27495  -2.79271 -17.52192   6.74079   9.38071  -3.20007   4.21634 -19.97065  14.23439 -12.72841 -16.82771  -4.02853  16.60787  13.76267   2.15038   6.56198 -17.78115   8.11042  -6.41344  14.91702  10.14708  -6.60238   4.50577   0.77812   7.56985  -5.07669 -11.95758  -5.52096  -5.77232 -17.72938  10.38413  12.34699  -0.79381  -0.95433 -18.39009 -14.66142  10.33094  -7.62285  -1.90645  13.16082  -8.08726  17.55641 -17.72874 -10.89975   2.72660 -11.98029   7.64093 -13.51615 -19.23587   1.47191   6.35877  16.13893  -5.54078   4.26408  -3.28610  -1.09120 -16.32285  15.40536   5.09421 -11.14911  14.19627  10.67222  -5.64230   2.22388  19.08628 -18.63993   9.04640  -2.84432 -15.13545  12.95015  -5.75452  19.74125 -19.08010   1.41824  -0.31950 -13.57063 -11.55020  -3.01245  -5.05049  15.95164 -14.19402  19.99061  19.25870 -15.52213  -3.96344 -10.65359 -18.39266   1.82128 -10.47362 -18.32720  -8.04690  -2.33793  -6.98848  12.07671  10.65442  -5.44811  -4.74806   3.81494   2.13580   2.47906 -12.36283  18.17675  -1.89252  18.75582  -9.23682  -8.91221  18.34400  14.92075  -1.00603  16.99192   9.45887 -14.89377  -6.73361  14.37235 -13.23493 -17.09299  11.88569   0.17478   7.06738  16.44706   7.95447  -0.12235  17.93791 -18.04321   6.43199  -1.68911 -12.92002  -0.88318  -4.38406 -17.36387  -7.02131  -9.83604  12.55466   7.80818 -15.46332  15.57502 -12.28910 -10.79307 -18.33244  13.77981   1.33403   7.55629   9.45753  13.39439 -12.65965   7.61818  18.50753  -0.02216  -4.85383  -0.08011   7.42627   5.25576  19.34308  13.95290   7.63100 -15.81891
 15.52302  -4.48295 -19.88220   5.87552  -4.56452 -11.43447  -3.26215  11.52584  -7.75200 -19.82198 -11.02250 -13.50036  14.74919  17.44271  -0.99651  -2.42010 -10.42605  -6.78190  -7.59727  15.57307 -10.51052  17.87268   7.56876  -3.57516  16.23122  16.65909  -7.10534   8.66184   4.64227  14.79804  13.35048   5.65623  17.10384  12.05103  -0.35791   5.76193  15.05625 -11.41678  10.20455  11.53347 -12.69114   9.94310  -3.06644  14.64370  10.48911  -0.18967   8.43488  -4.85147 -11.75546  -9.14872  -1.16154   1.74374   6.51770  -1.80039  -5.51107  14.48387 -16.29130  -1.71392  16.98879   4.29096  -1.20821  18.45878   9.43904   3.47278   8.03305  -8.60261 -19.29233   6.12388 -16.66324 -18.65051   6.71055  -4.90033   9.95020 -18.43356 -16.05958   6.85696 -15.91606 -19.09671   8.41659 -10.39937  -1.57002 -14.01719  10.34019   6.51640  15.17194  -8.83715   9.15909  -7.15188  19.73751   2.04447  -3.15635  -6.36550  12.38461  12.66688   7.70351  -0.08214  12.72635   1.24913   9.76743   8.13781 -11.55476  18.18393  18.60876 -16.85362  17.99365  14.30123  -9.99908  15.60782  15.88946 -13.82890   9.35416  18.92851  -1.72165 -13.71847   7.96267  -2.18993  -6.71834  -0.44821  14.32952 -16.02115  14.78100 -18.00473 -10.96069   3.32854  -3.81905  11.21587  -0.01021  -8.77856 -16.08608   5.17025   6.79872   8.37280   0.28356  12.71179 -15.21153 -14.48713  18.72821  -0.31126  12.57121 -13.01194 -16.28977   0.57586  10.43088   6.39294 -10.47083 -18.91396 -14.64067  16.76491  17.07883 -14.25433 -13.58151 -18.69456  -9.44821   0.58328  19.14190 -18.02135   3.80150  -0.87862   8.71641   9.13846  -9.83974  19.11250  16.44387 -10.02484  -1.54490 -15.94174  15.88719 -18.13697 -16.72570 -17.77308  10.44683 -18.85319  -8.41391  -0.59075   0.48243   0.95526  17.98172   0.57623 -11.00501 -17.72346 -12.59921  -1.84126  13.48260   0.71630  13.28527 -12.31840 -19.83537 -14.32819 -18.91769 -14.81079   6.44326  -9.77453 -14.74353  -3.01955 -14.95292 -16.54156   9.83484  16.78637  12.21694  19.73661
 -4.24958 -17.35927  17.33308  13.84637 -19.90501  -1.15119  13.94792 -16.94311 -11.31255 -17.59901  -9.16061  -2.18336  17.44271 -12.97974 -16.48154   4.15595   9.37437   4.43132   1.87221   7.88535  14.61262  -0.95018   1.93133 -13.09681   2.63176   8.27506  -1.78105 -12.83558 -15.94748 -16.63413  -1.80060  -9.32786   9.01819  -9.61530  -5.79377 -19.58818   0.72647   0.13256  19.02640   0.15809  15.66036  14.45085  -4.20132   4.14571   3.05809 -10.54147  -6.83992 -12.28389  18.51495  -8.87893  -2.24445  -7.30369  11.42912   4.62433  -3.60568  -4.65580   0.78511  14.59734  -6.57502   1.17569  16.30784   3.79593  -9.77644  16.62779   7.58323  17.87466   3.40305  11.05397 -18.14005 -15.79130 -13.65854 -15.08790 -13.16804 -18.74721  -9.52364   9.40698  -8.23915 -14.34747  10.22014  -4.41400  -8.50417   2.91991   9.66359  15.03854  -2.99283   3.87375 -12.46223 -10.63127   2.43428 -12.22159  10.46847   5.32766 -11.27030   4.80984   1.88215   4.71836  19.28080  17.54601 -13.67345 -13.14822  -5.51253  14.84449  18.97547  15.99706 -15.44557   9.73366  12.14783 -13.00791 -11.49973 -13.63648 -18.14474  17.61815  -0.37031  14.33087  -6.86584  -8.54206 -11.83001  -8.67283   8.69579   9.97425   1.23267  15.46255  -5.94401  -9.55104  18.76432   6.30426 -13.49808  10.10663   2.55622   5.19486   5.12362   4.52443   4.25180  15.44002 -15.19918 -14.10751   2.03005   9.46187   8.34510  -6.79576  -6.30667 -14.15359  13.49679  14.69883   4.07738  -2.87269  -9.27257  17.94067 -14.06915 -16.32261  17.21659  17.59939 -16.68570  15.03288  13.30685  18.23237 -13.37387  -6.48185  -6.58408   4.23273 -15.44373  12.51640  19.84304  -0.54961  19.84831   7.42548   6.52123  14.22154   1.19196  -2.76367  -3.01641  11.39635   5.41158  -1.89103  11.99949  -6.20061  -4.12391 -17.62457  -6.75370  17.52933  -3.22969  16.76382  -5.62528  15.22746  18.52212 -13.52205 -16.98974 -18.37635  -1.16933  19.30316  -2.26925   8.77138   5.57878  -1.69179  15.10716  16.14992  16.44435  -7.12365   5.34858  14.83418
 13.78835  -4.37064  11.05009 -13.66727  10.65374 -19.90363 -17.48332  17.31486 -19.69542   3.09215   7.77312  14.99872  -0.99651 -16.48154  19.88418  -9.13437   2.41142  12.33831  -4.88427  -7.26045  14.42818  -3.75536   9.10265 -18.51107  17.25282  13.11992  -5.01625 -10.38714   9.34714  10.91567   1.61001  10.78409 -18.19690  -2.90957   9.22630   7.10772  12.80459 -11.71240 -11.77796  -6.87281   4.08339   3.22619   1.86294 -16.15486   3.73246 -14.15624   9.20375  12.37927 -10.23796  11.16306   3.52470  -3.37161 -17.41116  -2.87209  -8.02069 -16.68714 -14.24075 -13.82144 -17.98805  14.35303   0.15959   8.07682  16.52777 -18.94957   3.71654  -1.80375  12.69394   2.92184  13.18007   8.98067  -0.86014  -7.86049 -15.82095  19.59817   0.41489   2.41903  -6.18145  -1.96449   2.61971   3.67884   7.07812   7.57671  -0.31899 -14.64386   0.68614 -13.89968   2.82755  -9.74781  12.99264 -12.13605   5.79450 -13.21032  15.97637 -19.08502  19.01377  14.33072  -3.95635  -6.21877  13.23890  11.57917   4.04518  -3.77009  16.79436  19.73961 -16.28431 -17.17790   7.26819 -18.47261  -6.25159  17.49330  -4.85635 -15.44028   2.48366  15.13829   0.56839  16.17626  14.83787 -10.58332  -6.98104   4.76516  -6.83259 -15.99416  -9.63064   5.93755  -0.68143   9.16803   5.18288   5.82930   2.30612 -14.46073  12.30626 -10.98532   4.85935  10.18143 -10.01498  18.44151   5.14550  12.90587   9.99517 -14.53681 -16.35439  -7.07561 -19.37025  16.76180   8.56190 -18.02158  -9.07104  -6.67379   0.21162  15.49712 -15.60703  -3.05479  14.60928  -8.47577  -0.67936 -12.30494  18.88729  -6.55659 -17.96926   0.01796   8.22506 -11.91968  -6.53926 -19.48957  -5.54759 -13.10577  17.71812  -9.93269   3.24059  -3.22153  17.24942 -17.87748 -18.36376  -8.33468  19.68967  14.93789   0.41088  19.65627  -7.70017 -19.36600 -13.09202  -8.64470  -8.38047 -19.51015  17.05115  17.70785   6.62076  12.90543  19.13853 -10.07048  -1.53993   5.12492   0.42820 -14.00903  -6.65158  -8.13292 -17.25353   2.29693  -6.48082  -0.28038
-11.62486  18.15859   8.78569  -2.78229   8.22805 -13.18755  -1.37911 -19.95929  -1.67735 -17.66808  15.36175   8.40436  -2.42010   4.15595  -9.13437  -0.42909 -14.14466 -16.48897  -4.93403   2.91504  11.38242 -19.89489   6.51622  14.61773 -10.86470 -13.57274 -17.17905 -18.74346 -13.80591   8.66357   4.13852   2.17483  17.02644   5.37556  -9.66686  -5.30506   7.12963   2.88945  -7.58470   3.56617   2.15527  -8.71729 -11.99262 -12.80007  10.54688 -11.75704 -11.66942 -17.40324   8.58078   3.07173  -9.34782 -15.73753  -5.61703 -10.03220  11.58680   1.21696   3.62602   5.89437  16.31722   0.75278   3.24586 -13.84669  -1.92549  16.09059   5.90459   6.58537  -9.96418   6.47010   3.08625  -0.95030   7.24233 -11.72631  10.97977  15.63302  19.12735 -18.30674  -5.07407   6.63349 -12.78094  11.00682   1.65033  15.70595   8.82803 -18.82198  -0.04015 -10.26357  17.12391   8.53515  19.48138  18.86325   4.83762 -13.61752  11.73442   6.29480  19.53949 -16.70239  19.85446  13.09604   5.99709  11.49426  -1.78464  18.12146   6.44192 -12.43302  -7.42604  -7.99975  -1.06881  11.78592  12.97634   3.03104  -3.27683  19.12699  11.55325 -16.03987 -17.01435 -16.99876  -9.97483  16.73455  -7.06103 -14.14968 -16.32815  16.48624  -1.23581  14.40993 -19.77581  -2.31333 -12.45852  14.36851 -13.10081   2.62545 -18.72602  16.86263   1.51409   0.07585  13.63570   5.11659  13.50968  18.68486  17.02102  -4.39920  -6.20727 -15.37484  16.20499   6.73057   0.96648   7.43513  12.28132  19.69032 -15.14573 -14.36115  -8.96428 -17.13312 -16.29144  -2.94402 -19.72464   1.94831  -4.95626   3.59714  -9.71459 -17.73118  -3.17199   1.05458  11.30263  18.23930 -15.58737  -2.43207  -8.97146 -18.61205  12.05652   7.53070   6.59802  -4.22899 -14.47609   8.38918  -6.06436  14.81244  -4.73505  -9.52913  -4.59732 -13.78130 -18.40183  -6.18022 -18.87568  -6.40781  16.14657 -14.77416   4.27715  -3.64408   7.20089  -8.18321  -0.62867  10.83371   6.11617 -18.02566   9.31019  12.29604   3.85375   0.39642  12.58126 -18.63644
  4.88084 -17.51004  11.49015 -12.45219  -6.76748  15.78755 -10.56623  -9.45449  13.78008  16.18416 -16.49415  13.84408 -10.42605   9.37437   2.41142 -14.14466 -11.51237  -0.28457  -3.01528   9.87955  -7.93692   8.17073  -9.62069 -10.19500  -0.22109  11.95590   2.10067 -14.69401 -16.07752  -7.25760 -17.11696   4.03350  -0.16882   5.41737   5.00256  -5.29005 -14.58803  10.78716  15.65754  -4.33666   8.33032 -14.80827  -7.56776  13.86420  11.54827  -0.55440   0.42458  -6.16999  13.89928   0.01284   3.62106   0.02272  -7.96351  15.25187   7.30431  -3.40539   3.18633  10.56549  17.83023   2.01981   2.50963 -16.79745  -6.59852  12.75065  -0.84872   0.58055  19.50414 -18.83119   6.94268 -14.71427 -16.24401 -17.99126  -1.08755  19.94267   3.87325 -14.59686  15.58370  16.76062  -9.46840 -18.60085 -17.21060  -5.21685   8.49726  -0.95208  -0.80194 -16.83430 -19.01916 -17.19573  -4.00961  -7.89910  12.28510 -10.55117 -10.08751  10.90841  -4.92221  -5.44066  19.42263 -18.17793   3.99450   7.53069  -0.90136  10.15688 -14.16770  17.99504  12.33848  -9.39827   1.22445 -17.80316  -6.10453  17.86837 -11.66364  -0.11857  -9.64849 -13.91556  -5.63687  18.81235  10.86170  -9.05776   3.19039  15.00034  17.24362   5.26005 -13.14146 -16.59453 -12.09026 -11.87211  -0.33260  -5.40195  13.77817   4.58696  15.42487   2.70488 -12.09172   5.33833  17.59217  13.76567 -11.27034   9.17798  -6.55706 -10.64726  -8.55484  -6.35038   7.47554  -9.17934  -0.53498  15.15447  19.58710  -9.08648   2.37268   3.44978  -8.91751  13.85213  -8.89009  17.36644 -16.91972  15.46244 -17.34738  15.40606 -17.40076  -8.81344  -9.05028  13.75882  11.89063   1.06756  11.92559  -5.16351  18.38359 -12.23803   3.80990 -14.61339  11.96110  -5.89910   3.58005 -16.66460   4.12921  -2.13399  10.72581 -17.74960  -2.32167   9.99405   9.26217 -14.90523 -11.57241 -13.78638 -13.74507   1.39334  18.04194  16.06125 -16.20256  13.68904   0.57321 -11.73064   6.64899   9.65784  15.82951  14.56148  12.08241 -15.32328  15.12364   7.64234
-10.97367  -0.83184  -7.05780 -10.26272  11.44806  16.87597   2.34927  13.58068 -10.83268  -2.63268  17.08860  -5.76994  -6.78190   4.43132  12.33831 -16.48897  -0.28457   6.95906   3.43340  13.62263   5.45364  -7.77219  -8.72783  -3.04522 -16.08617  -1.65577  -8.91592 -18.89589 -18.44395  15.27095   3.76608  -4.63573 -16.95815  -4.16062   1.95196   1.51717  16.03428  18.24014  15.01210  14.86637   1.57479  -0.52231  12.50395  -7.67654  17.83409  15.16377  17.58239 -18.14013  -9.10281 -13.60479  -7.82804   6.75200  11.01922 -15.12713  10.46656 -15.29954  13.72231 -12.94018   3.13164  19.73998   0.68022  -9.79026   3.25305   2.30808 -14.59154  17.39211  16.51629 -10.33896 -15.61810   8.47076 -18.28968  16.46628  -8.39240  -4.89344  -5.76040   7.61449   0.72656  19.42376 -17.70824   1.32878 -14.03993  -7.31242  -6.34095 -17.45964  12.24857 -13.17119  -7.11234  17.40067   7.53310 -13.72615   0.39066   8.48095   7.00843  14.25963  -2.08915  19.35667  12.25940   6.48010 -11.13531  13.02261   2.95384   0.36390 -12.41850  -6.19223   5.13158 -15.77754 -17.77933   7.42891  -5.78931 -19.97429   7.20816  -7.27161 -18.57746  -2.77287  -9.66567  -9.42935 -11.70735   4.92191  -9.01862 -17.96692 -13.45332  16.87273   2.01174  -4.57240   4.08969 -13.49840 -14.91086 -11.77329   4.70227 -12.95177   5.22392 -19.51269  16.15025  15.31557  -7.27253  -6.96716 -12.72738   1.56005  14.98043  -7.13043   8.02481  -5.16252  15.75024   4.01694   8.26028  13.79549 -19.71359   1.84228 -19.25385  15.44282  -1.19703   6.50256   6.21814 -19.15252 -17.02359 -12.92281  17.35674  16.00633  -4.96533  -0.77707  -3.38140   4.50405  -8.66118   6.59656 -15.21757  -8.47698  -7.13001 -11.69871 -19.32647  16.48883  10.61590  -8.19590 -13.22058 -16.23811   3.63341  16.10251  17.04542 -11.01395  18.84226  12.75109 -18.76648 -13.10035   9.30190 -15.01884  14.61598  -1.04843   2.79806   2.75820   1.33916   3.39054   4.06665   2.86967   9.39374  -8.90712   5.31246   1.72906  14.85181  15.66238 -11.36421  11.24820
-16.35014 -12.06305  -6.78302  19.00610 -15.12045   3.21092   0.91237   4.53689 -13.12876  13.54858 -13.66213   4.93747  -7.59727   1.87221  -4.88427  -4.93403  -3.01528   3.43340  11.20230 -13.14686  17.99625  16.87791  -7.53373  11.10622   9.99868 -15.84763  -1.92045   9.76024  10.32275 -19.03443 -12.67011  -4.50800  -6.13720  -7.77868   7.94416 -11.35228  10.84374  13.08321  10.74668   3.23596  -7.61693  -1.20224 -14.24975   5.43293  15.46733  10.26100   3.23653  12.68470   9.61445  -3.92549 -16.29692 -12.61046  -4.88625  -9.59767   3.51038   0.99953   4.63585 -17.20869  18.10837   3.20583  -5.35340   9.61252  16.02794   2.14910  15.21073   5.35373  -9.04985   7.27161   7.65928   4.04966   2.03154 -17.27318   2.42175   6.57895   7.41440   8.68988   9.39788   7.39146  -1.48698  10.55953   0.00817  -7.59572 -12.88961  -5.58704 -16.68345  11.23615  14.83788  -7.79910 -10.68000  19.47927   8.78362   3.17963  14.59881 -11.65965  17.15751 -13.41939  -8.61771 -13.59330  15.35557   2.68309  18.37072 -17.19537   6.29964  18.44833 -15.29344 -16.33291  -4.82192   1.83712   3.16805  15.89595  -5.26094 -10.62824  -9.94778 -16.20368  -7.03783   3.54602 -13.11636  -8.67579 -11.47556  19.09475   9.33367 -13.78740   3.74982  16.96767 -19.13589 -18.53002  -6.51064  10.90136 -10.21769 -15.15605   7.71499   4.66173  -8.92203   4.62890 -14.27034   4.94378  19.46794  15.34634   4.00644   2.77233 -13.10184 -13.77528  17.62584   1.73802  19.17397 -11.44836   3.67986  12.16047  12.77466  12.20616  13.00591 -12.47019 -17.96258  11.42011   6.42549   8.60623  -6.81704  -6.45061  -7.58321  16.93497 -19.80874 -13.82733  -5.23377 -12.44624  -6.21892  15.45921 -17.86465  14.88224   1.54721   2.75520  -9.52097  14.83584  -0.78204   7.63165  13.26424   5.77480   9.21459 -10.47195 -12.38628  13.92421 -16.17735 -10.27393   3.35767   0.40919   6.95593   8.60736   1.35878  -1.33927 -15.88240   4.91740   0.32054  17.11160   8.06642   1.30132   7.52892   3.64452 -11.08163  -0.89649   1.04387  15.11124
-17.95292  -4.32853  10.53824  -9.45488  -4.99578  -2.02183  12.07218 -19.87345  -9.97464   0.54086 -10.27073 -13.70140  15.57307   7.88535  -7.26045   2.91504   9.87955  13.62263 -13.14686  15.51105   9.91193 -15.91380   1.48041 -19.85143   3.04530   2.47184  18.36486   5.39399  -8.66440 -12.14664  -3.95473  -6.87307   6.24614  -5.18537 -15.89864   5.65643 -16.38558   4.40328  19.82136   2.51245   9.91263   5.32532  -0.43459  19.47795  19.96206 -15.79511   1.28904  10.79419  -9.41298  14.26336   1.22714  18.80875  19.24305 -12.10149  17.21682  16.10268  -4.59095  -1.57294  13.21114  15.77848  -5.37679  16.15389  -1.52853  -2.44537  -8.44982  -5.08343  -7.82384   5.05215   9.75677  -8.65071  14.90416  -7.51108  12.06522  16.46053  15.65978  -2.38819   4.61280   8.54099   2.27875  -4.70357  -8.36372  14.61468  15.61717   3.85025 -13.04688   2.93104   8.49564   7.49777  17.92725 -19.80158  -4.93733   8.48376   0.91508  15.94720  -8.76915  -5.17612  -8.41760 -18.83198  -4.05672   6.14333  -8.79090   8.95748   1.20340  11.73283  14.59058 -15.49715 -10.82126  13.88377  10.91454   9.63935  -0.16049 -19.94139 -18.44450 -17.10559   5.19681  -2.41886  13.69668   9.32055  17.26518  11.35601   6.02108  15.92051   4.17276  12.25573  15.80320 -17.75000 -15.72814 -19.88101 -16.08823 -19.84479 -13.21506  18.87836  -6.11790 -10.31907  -4.46950 -16.32582  -3.26951   5.99791  19.24260   0.37843 -12.84793  18.73016   8.05518   1.59115  16.83010 -17.41554  -5.84077  -1.20500   4.12709  13.12430  19.47529  -3.78614  -5.57957  14.81038 -11.90693  11.89348  10.58501 -13.32848  -1.64418  -5.39258  12.31374   6.10415  -8.00055  14.73794   7.32647 -15.20248  13.70972   9.95685 -15.59821 -15.84112  -5.90019   5.88820 -18.62127 -12.14360  17.18056  -1.72725  -5.35935   2.86974 -17.94933  -5.31942 -13.97007  -6.32656  12.62565  10.08614   2.24878  -1.33924  15.85255  13.00787  10.21113 -14.21288 -13.17761   7.91352  14.45132  11.33528  18.43282   3.11899  -3.15912  -5.47392 -15.68571 -16.93518
